-105.357752 -117.521191 1014.877013 
-123.754796 -117.185553 1020.108201 
-115.480543 -19.458454 1060.185942 
-109.772832 -21.693979 1049.289101 
-103.591410 -49.803571 1025.076150 
-128.304189 46.540865 1033.525729 
-139.315332 64.090171 1025.258561 
-148.794723 87.754910 1015.276227 
-131.205405 124.455836 999.286546 
-71.549857 -36.763369 1015.589115 
-81.233378 -14.285183 971.738503 
-137.695050 99.029946 1045.726534 
-135.199770 102.619517 1039.404366 
-124.938482 119.989287 1004.203745 
-143.377202 123.038849 989.868346 
-144.926889 124.181276 989.356065 
-150.305242 123.251173 991.317025 
-234.224351 -16.164340 1013.860568 
-223.289121 -74.687559 1001.336538 
-181.329664 -118.976116 1006.374686 
-180.783230 -95.605778 999.067013 
-170.792942 -61.256438 990.407577 
-148.049087 -35.963202 977.113760 
-146.921955 -37.824027 974.435266 
-137.847594 -13.031451 1000.541674 
-139.837715 -0.396691 1000.989318 
-181.370495 -38.774776 1045.400638 
-190.312085 -69.201545 1051.962623 
-172.764429 -64.459931 1001.637735 
-230.304570 -25.279500 986.393232 
-177.170374 18.682108 1032.582677 
-188.725092 11.438938 994.469528 
-210.165946 17.442706 969.066139 
-198.385299 41.731157 994.196616 
-195.403981 77.099158 996.913461 
-186.801262 72.186772 989.804408 
-198.760991 -43.205367 1010.236474 
-197.550309 -43.468869 1001.655769 
-178.331257 -54.068939 993.491278 
-169.629139 -82.700980 977.344835 
-248.900671 -88.731418 1003.246297 
-198.967375 -144.927605 1027.862310 
-185.158042 -149.156024 1038.980333 
-73.089054 -10.816613 1064.868485 
-88.326151 49.146585 1076.722552 
-101.124910 16.108281 1082.724627 
-99.927069 61.432746 1054.191922 
-273.164512 87.179142 1044.425673 
-138.959133 92.777965 1046.421036 
-132.337509 59.672316 1019.179568 
-188.434758 94.047017 1056.570042 
-202.238288 88.683720 1051.068277 
-222.711176 -15.288612 1014.558206 
-154.138264 5.098536 1060.883831 
-169.518720 1.477731 1064.371351 
-116.536671 15.935720 1065.589777 
-121.915800 12.070811 1059.006540 
-147.209900 41.718866 1010.505295 
0.421880 -17.028071 1069.334391 
76.784525 -53.779158 1066.364492 
94.222172 -61.047630 1051.805360 
1.396898 -88.260694 1070.708748 
27.225012 -92.930134 1018.253610 
-134.894679 -52.819363 1067.132313 
-241.184961 -55.390366 1010.722609 
-255.519295 -80.908107 982.453623 
-278.535729 -74.246470 948.536489 
-90.706791 -65.626108 1018.673213 
-55.161612 -45.221835 1013.988231 
-83.184629 -51.292747 999.869774 
-77.871522 -51.540705 1013.991891 
-101.536481 -32.263967 1017.546940 
-109.170876 -33.039891 1007.884094 
-211.165683 36.724161 920.377972 
-157.629761 -124.818195 1004.871958 
-134.502738 -82.184438 1020.341483 
-119.511611 -96.635277 1014.428836 
-194.728167 82.914058 1062.917878 
-159.086475 61.505377 1025.765879 
-225.417722 90.543086 977.889188 
-179.124834 27.455508 1003.125105 
-228.780088 -32.255750 968.766686 
-199.175232 -33.572797 942.256916 
-198.411279 -62.288378 931.254659 
-184.541561 -119.228555 934.083412 
-159.346437 -72.136485 936.763327 
-159.859018 -108.752658 922.971281 
-236.859588 -108.737133 868.796257 
-221.817192 -32.689007 865.785251 
-227.833107 -33.232231 891.116422 
-189.523058 -63.232429 900.704014 
-150.850055 0.898459 905.616389 
-168.678336 -57.787551 900.263258 
-143.740568 -50.655113 871.255039 
-140.622556 -62.954664 879.657094 
-147.903908 -38.357053 913.521211 
19.347303 -93.814558 1001.175465 
-7.369649 -85.264127 1014.462100 
-62.913302 4.516526 985.274259 
-83.462489 21.417536 971.917972 
-85.822215 41.805797 904.467746 
-79.590424 4.884914 927.342704 
-33.554088 -1.832482 913.936106 
-35.026157 -7.056241 915.311195 
-65.383094 22.217105 892.987751 
-125.243591 27.813920 849.923373 
-186.642087 61.132892 827.677291 
-85.784537 18.732025 828.502091 
-112.692640 12.613794 805.040242 
-115.856800 25.635082 798.238672 
-79.100248 -52.945066 703.503517 
-122.775104 -33.567136 801.228376 
-132.575075 -0.737904 824.701104 
-132.504531 33.504990 793.387500 
-121.516891 50.295706 780.324612 
-111.798649 53.722547 798.661822 
-113.303153 57.658627 800.756049 
-102.095397 -18.388601 877.910863 
-133.956458 -28.649649 872.082772 
-158.669920 -19.662642 850.177177 
-161.759791 -1.003942 876.259271 
-172.827215 -28.314858 864.620938 
-144.843940 -14.112295 833.867962 
-141.055745 6.688726 872.811393 
-51.055485 -97.638479 926.314776 
-75.216304 -108.506190 921.692980 
-42.401600 -88.110768 926.913812 
-178.492227 21.204484 813.997791 
-173.636288 -43.002955 791.612953 
-165.265558 -47.989650 794.477542 
-79.392974 32.744009 862.656717 
-100.954984 -23.873092 870.941247 
-74.248074 45.807342 866.686868 
-96.998997 8.940684 791.172439 
-105.090685 12.669107 776.954639 
-121.834531 35.251395 795.715504 
-55.436162 29.846102 797.306757 
-59.169547 -48.050788 703.994463 
-56.926007 -28.713274 730.581837 
-93.098717 -33.806697 734.518718 
-96.544118 -48.782366 699.549877 
-97.509004 -44.997241 698.558941 
-91.203833 -62.453920 654.872488 
-82.520208 -73.452866 848.897517 
-82.714892 -93.755943 821.236944 
-81.515700 -19.842677 818.715981 
-59.695980 145.985537 899.792049 
-50.351024 -4.356606 913.683378 
-64.519973 7.459154 928.827132 
-43.583901 24.667254 927.367264 
27.983212 1.617676 869.436480 
40.627944 -16.763374 897.596297 
16.671298 -28.363430 930.049178 
-31.472945 -11.756695 837.712716 
-27.755513 -14.755923 815.736938 
-89.440192 -12.848166 862.764182 
-107.387816 -26.906107 835.425740 
-98.661097 -104.094997 699.908194 
-1.204099 33.078520 790.021831 
-23.543328 44.592680 787.877553 
-23.478926 64.602484 789.818176 
-42.513161 35.597661 789.530094 
-35.055824 40.989417 827.755757 
-67.996512 17.666155 801.256160 
-71.423252 29.596169 813.987270 
-44.217248 9.220692 770.793497 
-51.432626 9.218541 758.059400 
-67.839585 3.841794 739.882001 
-97.686340 -24.212597 766.872499 
-150.031672 -34.935513 810.649215 
-131.887091 -33.199189 760.240111 
-45.120967 -65.939781 739.147419 
-76.849292 -85.835869 827.180284 
-138.455345 -78.193882 798.860746 
-101.707968 -37.916670 754.220854 
-85.148359 -90.747909 670.263071 
-83.234275 -103.862233 665.665264 
-74.969575 -58.196476 720.575589 
-80.177663 -77.158189 700.206810 
-104.544557 -105.243619 718.331817 
-99.089684 -105.672977 712.179567 
-94.759417 -100.238712 734.590905 
-96.619373 -88.052079 699.567508 
-68.531537 -81.964089 704.303420 
-59.958178 -89.400121 716.408670 
-106.500508 -124.176393 752.438043 
-101.750529 -108.015342 773.539458 
-82.324088 -16.159354 746.485441 
-54.836257 36.703075 740.203717 
-20.958232 9.519081 746.051990 
-49.436977 -34.528506 736.591056 
-61.218978 -52.811958 732.120632 
-69.112138 -64.978638 742.193063 
-65.592811 -69.762418 744.556236 
-97.599493 -63.199667 758.226303 
-113.685301 -69.098602 779.004462 
-67.051753 -62.420651 740.458430 
-119.181859 -27.796859 783.758000 
-52.504253 -37.796118 800.539895 
-16.890045 -45.327649 816.624455 
-6.189968 -52.256500 841.786798 
20.672168 -60.131147 834.685413 
24.792621 -119.923128 797.241716 
-10.326799 -97.741961 810.389052 
-18.489420 -106.448404 809.711002 
-95.315848 -115.747756 790.614964 
-114.772122 -93.070837 781.321078 
-106.833242 -86.096676 784.105348 
-76.710106 -92.661726 875.726715 
-112.659463 -66.375663 825.927279 
-122.020690 -46.445206 744.635884 
-142.627123 -37.348111 698.041647 
-92.462729 -102.652871 942.849594 
-97.270622 -42.177724 929.952131 
-115.764563 -65.944724 913.102341 
-144.845630 -25.335474 892.568689 
-186.561564 10.873518 849.520638 
-107.278361 -15.904095 939.086854 
-68.803629 4.942279 917.518626 
-117.795851 -4.880984 914.578161 
102.740084 142.042038 824.338821 
3.410509 -39.900633 736.149142 
15.717978 -30.877316 843.169723 
-12.839367 -42.548911 851.303834 
63.287548 -4.706154 910.361777 
29.181717 -9.834626 868.376412 
-3.874116 40.064863 865.542119 
-19.224055 0.072691 895.425300 
106.112392 91.490112 937.315098 
36.590443 36.953452 911.927901 
42.498821 15.361869 894.912381 
-5.580673 -57.431685 829.418072 
-30.023519 -42.403848 834.343761 
-85.277143 -62.347027 857.110145 
-133.135330 -115.419237 865.504675 
-185.867492 -188.758527 860.013399 
-204.107352 -169.390120 904.999488 
-189.566710 -177.556057 914.620266 
-193.543934 -136.269480 918.231430 
-39.270984 -70.292921 952.423310 
-69.176509 25.810021 904.118495 
-90.627823 70.589288 857.807192 
-39.704783 12.240614 843.474362 
-48.489046 -66.365751 1024.185573 
-72.042585 -68.321006 1046.380246 
-79.253322 -55.442043 1059.296668 
-103.145709 1.219503 1031.301131 
-133.749466 11.150739 1013.207472 
-36.413020 -74.761816 999.242695 
-109.314590 -8.678014 962.109919 
-186.034142 -60.185926 909.306258 
-202.275578 -21.844432 903.139435 
-21.621091 98.021254 1010.914145 
-38.567769 78.178064 971.971131 
-118.317227 141.872537 956.186697 
-214.995240 -35.376886 935.838685 
-173.919748 127.112711 930.634581 
-115.599346 35.749312 930.288278 
-10.375969 97.804247 1014.341652 
-73.393586 51.411179 1018.786236 
-108.834915 50.099775 992.372786 
-64.790360 -15.310525 1038.854421 
-40.842701 -29.934777 1051.384514 
-124.739490 26.396703 1017.119848 
-123.370724 80.478190 1020.599125 
-100.365540 49.638174 1069.511476 
-186.587597 0.244411 1031.121958 
34.602520 50.862007 1085.547452 
-18.037672 -41.073275 715.311602 
-23.051857 -18.461522 717.835797 
3.303929 -4.740340 720.652749 
-84.153537 -24.128155 723.676935 
-116.054673 10.302781 698.138325 
-36.482850 -5.428488 700.359765 
-99.489187 -17.608005 681.331932 
-68.669431 -48.677612 675.049986 
-41.582289 -48.978493 711.575097 
-40.393910 -12.086187 708.086685 
-59.173370 -79.024318 688.161666 
0.991086 -60.999658 688.009607 
-14.414041 -44.358145 703.186954 
-32.956488 -71.325068 708.606094 
-36.028051 -75.868864 678.739027 
-22.558607 -99.367182 656.533430 
6.903486 -93.669247 705.088539 
9.516896 -94.933178 673.033977 
-46.895489 -52.703608 722.956205 
-59.115729 -66.747591 699.344505 
-56.354962 -91.701403 721.095471 
-33.029240 -82.998246 722.800752 
-72.198497 -89.114157 695.320082 
-89.965347 -50.082709 705.074450 
-118.346465 -45.690007 689.897646 
-65.830904 -70.143198 705.684893 
-8.489890 -20.913087 711.604951 
-10.828581 -101.068721 686.251158 
-29.452729 -77.158564 730.995974 
-68.653386 -46.568558 700.571516 
-47.769628 -51.502698 689.599312 
-93.895627 -153.859392 681.005150 
-55.389752 -80.439549 710.841875 
-47.916722 68.706607 904.933738 
-18.045060 6.545806 928.477946 
-9.032394 23.445660 979.032773 
-6.466776 7.182940 1027.584286 
-38.104772 17.871543 1029.875632 
-14.220667 1.837301 1012.350610 
-9.175427 3.895787 1006.558521 
32.231494 -69.637991 1015.682413 
-38.589726 -51.917540 1001.259730 
90.795141 132.514597 1053.530629 
57.353320 79.447277 912.954186 
59.818098 77.699795 908.792444 
37.899288 45.248093 987.533346 
33.076263 82.483824 1008.653355 
43.931686 106.960349 1022.510414 
-7.482715 158.498769 1040.895259 
-10.240150 154.568165 1036.937568 
-2.608744 105.112189 1054.590864 
98.329684 109.955703 986.957515 
164.757508 15.293362 948.564045 
191.776557 13.495169 942.696941 
104.584484 50.056272 1014.536108 
109.383213 26.458293 1042.821906 
72.458402 102.651559 1046.258955 
119.701296 33.798506 1061.808504 
180.243119 37.598612 1061.291437 
188.505898 1.130254 1015.415705 
176.109375 -2.360287 1017.139977 
160.534868 9.070564 1025.321364 
110.314412 85.902102 1054.413854 
76.851139 89.166590 1048.353163 
37.983634 66.107962 1054.483018 
19.095148 67.712759 1064.293119 
-120.584635 190.426239 1054.005445 
-94.235413 73.232361 1035.694441 
-78.545039 74.795778 1019.712465 
-70.748819 67.790613 1016.174991 
-74.544156 73.050722 1017.656335 
-65.827618 62.110797 1051.821665 
-80.582384 17.987498 968.081120 
-136.518496 1.975080 1024.696636 
-136.108725 54.902943 999.375406 
-133.199129 63.767351 1029.608373 
-106.923872 66.792949 1030.124047 
-146.385299 113.541348 1000.099769 
-164.541709 183.232341 1011.577339 
-145.305831 157.061654 968.526450 
-162.700917 80.166947 954.888339 
-166.912734 66.384089 972.387192 
-325.865874 -37.643123 955.741822 
-286.054706 -5.693801 975.466798 
-271.291375 -14.157163 996.392682 
-326.164442 -24.839135 1007.626786 
-301.920212 28.572695 987.625452 
-273.770695 37.680306 1045.972583 
-271.054105 54.531704 1031.728546 
-253.152385 64.189045 996.183677 
-201.955010 148.603655 969.029473 
-241.423493 123.065303 1021.855450 
-177.718095 139.642692 1014.490892 
-246.354472 169.661163 999.014715 
-85.060517 168.901286 853.383785 
-202.173404 54.156786 1013.540779 
-223.311679 53.928105 1019.191279 
-297.724282 72.922654 1003.546882 
-86.831535 173.384824 971.022243 
-94.406809 78.919713 998.357787 
-120.426178 62.855462 1030.654813 
-168.504661 135.178830 1056.729422 
-161.086810 151.731888 1027.532883 
-101.115835 197.996940 1009.190936 
-87.195683 112.336937 963.282335 
-45.747824 92.872916 929.824910 
118.489830 174.947528 1021.880453 
2.903809 38.941107 1038.391264 
11.272950 53.387382 1027.309762 
44.345033 26.342183 1013.512074 
43.647667 97.176386 1033.320426 
-17.305259 118.115296 1049.701646 
-54.157474 148.744446 1041.933367 
-129.263822 142.985480 1021.458766 
-59.142058 161.108154 1020.335197 
6.051283 109.214316 1015.702301 
44.240641 61.926785 1025.938278 
59.212504 71.274241 1015.501930 
13.201057 -21.802090 1001.245787 
11.676402 -37.761043 1005.599502 
3.279654 74.994583 1005.250286 
-24.316684 58.816273 1043.313504 
-101.186337 42.205250 961.311489 
-51.628438 -1.688000 913.329886 
-53.644422 64.453312 1064.080770 
-69.425818 54.859430 1036.777281 
-63.379690 57.836192 1018.834672 
-78.812905 63.811442 1017.836366 
93.904068 101.843803 1009.910614 
97.612789 118.854117 1018.363081 
150.364932 115.432691 1030.026660 
96.606799 151.385696 1024.175850 
97.847154 86.108295 1022.713745 
31.394518 54.025704 1046.160457 
6.786273 70.238185 1050.301059 
59.873646 82.366065 1045.415083 
129.157767 -32.277704 1031.155399 
166.546400 46.625082 1015.574332 
134.292194 46.879680 1029.142933 
54.933130 84.409531 1068.975278 
54.189568 98.930731 994.748406 
40.421930 163.251084 959.969335 
21.947628 119.181380 1041.574017 
72.304849 164.213010 983.724059 
123.178405 123.978232 979.809359 
-12.822611 65.731222 1015.503166 
-95.423866 152.177496 1048.466755 
-45.257588 65.318749 1046.670587 
-41.132758 167.749308 1075.865740 
-55.007104 154.853790 1029.956621 
32.649096 174.688921 1062.324010 
39.331615 145.569828 1068.274584 
27.266599 163.558305 1029.115673 
-24.678041 187.234167 1040.850466 
-14.924967 166.214213 1031.542397 
-28.922546 173.879412 1026.315049 
-39.731540 175.795495 1018.681967 
-76.173719 157.402692 1037.400031 
-54.874118 161.193119 1020.504813 
-60.454003 168.740433 1026.181572 
-102.388801 186.532259 1048.807878 
-157.687973 65.453107 924.858485 
-115.488344 96.268153 940.677332 
-120.436355 169.545290 907.183463 
-185.997574 153.019427 960.101889 
-67.544044 161.715515 1029.333333 
-104.955661 181.719397 971.838634 
-89.092676 201.139086 972.957233 
-131.266979 83.134266 924.503084 
155.328013 102.348621 995.170582 
30.945716 73.103470 970.716510 
113.173901 60.456911 992.482998 
106.994144 54.375391 988.744330 
21.401212 78.203777 1007.821209 
62.943508 -19.984577 938.849944 
39.446091 -0.200601 923.283883 
62.230619 34.195363 924.210074 
67.377710 91.510365 931.571582 
94.834930 45.638056 922.181266 
100.594818 90.527340 921.690588 
181.485525 -31.916941 940.175639 
34.958372 33.189803 990.407778 
127.874511 -68.191387 940.611164 
159.971842 18.309602 949.532552 
157.483518 -36.989600 923.637348 
27.215879 108.540267 931.752646 
-56.017516 108.095397 949.630850 
-58.299693 99.389003 932.763167 
-65.523092 70.592217 929.849884 
-87.879356 47.824910 939.894755 
-28.529491 107.010868 928.982876 
176.746532 81.757193 1017.913730 
60.864806 192.367023 1027.879213 
25.245369 120.170365 1017.787402 
-61.421882 131.629778 1056.067778 
-53.900347 98.792304 1038.421982 
19.369603 92.973581 1043.154731 
35.683371 55.998030 1039.735801 
-1.962445 85.754013 931.666574 
12.194067 81.575860 891.481120 
-59.465371 21.754655 853.066033 
-95.493749 50.854485 852.123507 
-102.983814 63.552502 876.510776 
-91.874977 90.006699 861.559324 
-96.257306 93.851426 879.262964 
-84.645941 68.332930 884.462699 
-86.286643 45.747742 876.894571 
-73.079692 105.043659 904.502719 
-42.180007 117.981006 912.350641 
45.494210 120.544894 821.478660 
6.565351 53.007296 852.922262 
20.091207 77.793489 827.240229 
48.205041 87.150293 830.480874 
14.874571 111.824075 844.155605 
-65.288061 33.762625 830.248957 
-54.638887 56.970376 828.139860 
-17.214323 -27.503865 835.006877 
-87.357399 -5.739531 858.299563 
-103.365834 15.331987 837.553711 
-90.430762 20.728520 832.870432 
-12.423485 45.300441 845.473773 
-29.798183 59.532433 845.060668 
-35.878155 60.851189 842.069880 
-30.927022 86.520968 854.470056 
9.996682 -27.840561 752.430159 
-34.450324 -103.794490 752.315494 
-43.821008 -24.142096 829.592218 
58.260023 -72.301157 807.900969 
-0.291410 -76.451077 822.382879 
64.990841 -69.604152 873.108992 
95.740440 -44.779887 824.937133 
142.332925 8.140866 813.160744 
29.317841 -1.067561 880.909040 
-0.115162 -72.907964 859.723340 
44.672089 -1.145734 847.825929 
-110.482594 28.433434 822.883493 
91.784953 21.583941 883.320659 
11.038011 124.585417 849.717667 
59.181096 66.306368 873.017218 
48.261786 49.080289 844.433681 
49.742823 30.382419 862.982934 
33.669780 70.338811 858.388272 
-28.191804 78.640855 905.126846 
-17.439167 85.086222 876.145092 
-10.752461 105.085692 884.192055 
-0.700482 132.540371 883.042574 
26.538835 161.878424 854.917132 
23.665144 171.060078 852.112643 
-12.471464 141.368014 868.572124 
-10.242121 86.222558 905.704657 
9.409231 52.937060 852.954808 
1.188085 56.903766 839.330114 
-11.049279 21.632304 871.016313 
-29.010107 28.395623 869.387634 
-24.393237 37.735104 888.155625 
10.194965 42.530179 900.968425 
21.206823 -33.789331 791.793066 
14.691583 -68.885230 822.254790 
12.387312 -70.341604 832.883260 
44.655970 -15.658711 838.844728 
-35.470527 -97.645988 792.475534 
-9.808092 -131.758079 839.233790 
-77.357951 -121.150964 868.735613 
-54.256940 -125.014202 864.116340 
-8.774412 83.958032 844.955057 
-4.659298 -33.702923 818.037943 
-19.425201 -23.445104 809.830914 
-48.013797 -44.262424 806.937469 
-38.036880 -6.123264 819.268865 
7.962203 66.910345 831.435252 
-11.126724 66.105282 824.314684 
-44.050824 33.409531 810.111128 
-137.333653 58.430068 790.871181 
-91.481999 14.382209 787.990058 
-111.715030 26.025232 819.026663 
-130.573775 18.430050 835.832572 
-19.214131 102.451103 836.234814 
0.108047 78.470480 824.613024 
80.376881 101.150293 810.191014 
126.104914 69.911417 860.498017 
76.232164 37.073792 831.324828 
-83.311503 17.762838 924.619485 
-89.165895 76.764756 919.504540 
-63.900033 49.190987 882.130768 
99.947912 6.530340 822.281002 
113.304693 19.820727 746.365720 
-13.421176 12.322339 787.470608 
-40.477901 -0.740134 808.524669 
-80.944154 -6.273227 830.395331 
-13.263030 50.886400 766.369056 
10.960773 11.261045 792.811109 
-57.385567 -1.836369 781.501703 
-47.523425 -2.603896 777.713458 
-36.993764 16.886304 821.911044 
-100.909926 9.944429 815.530514 
-57.878046 9.915644 782.801739 
-69.272913 13.003522 784.305241 
-90.909362 18.733129 800.194627 
-141.647363 41.970657 807.399314 
-104.805857 41.575953 822.049847 
9.681844 60.676783 817.653822 
-33.246324 48.919349 742.008983 
35.241385 22.978139 819.016005 
38.774143 13.629684 775.367441 
-20.826424 18.743205 782.906522 
2.819383 -32.518471 697.677279 
23.949590 42.116744 696.271745 
-6.446351 -17.939891 669.369383 
-8.670599 2.521768 783.231661 
-42.856237 18.570899 755.987668 
-18.914843 2.131948 741.547837 
-14.046619 -13.187195 743.023092 
-21.120184 -25.065671 697.169748 
-27.966165 1.534546 748.730933 
22.327702 -23.418889 767.822578 
112.207480 -102.728148 799.439994 
113.093791 -66.817185 752.366016 
11.716814 -82.733841 785.810648 
-28.583160 -49.375293 781.526328 
56.499452 -66.934119 747.788928 
7.091075 -51.718943 778.440774 
-49.449614 -3.059613 800.847277 
-15.234177 -15.943413 736.857961 
-11.773086 -4.876022 731.449839 
-52.422201 1.138376 664.662676 
-42.704388 -1.426847 672.600598 
-51.385521 14.006080 756.672462 
24.890122 88.327199 807.982341 
55.345182 -87.007332 752.646847 
17.297970 -27.518305 725.120681 
3.571618 -29.926088 717.639693 
-26.222857 -64.500880 767.903007 
-43.585858 -86.158855 761.433457 
-46.213326 -101.807961 725.437738 
-88.053792 -69.822902 788.631516 
-79.377309 -59.598505 820.141281 
-136.271953 -56.733111 810.355628 
-128.333917 -34.521770 774.863389 
-123.660768 -2.244259 785.806259 
-44.447852 29.305285 782.151708 
66.331312 41.970253 774.821044 
-42.799376 -42.223466 690.932165 
-62.407990 -39.501346 720.958704 
-83.034206 -31.642193 708.300676 
-33.669632 -7.375980 730.061598 
-43.604258 0.196620 766.219569 
-29.250047 22.104828 766.264682 
-2.557673 31.531789 780.321797 
-40.588443 30.519491 796.995675 
-72.750390 35.004584 805.726810 
-84.961159 4.597267 800.671974 
-91.716230 31.801241 771.229578 
-90.925429 28.263908 770.485409 
-98.988007 -57.065697 804.074207 
86.394056 -67.208776 828.170655 
78.618628 43.562483 827.260182 
44.005874 45.769585 803.340930 
115.743809 87.057035 874.889844 
54.509941 -8.778162 873.209104 
90.734053 149.956117 920.739494 
79.499291 89.413304 928.369601 
-3.109624 32.212092 852.941070 
-63.492225 63.187803 845.926276 
-26.569506 -67.595430 672.763440 
-67.945739 -82.624034 719.646563 
-71.371287 -82.754081 714.353931 
-54.007525 -82.227918 695.365138 
-51.425355 -92.022065 687.194176 
-33.907724 -36.263684 720.338635 
-45.001910 -52.244817 670.727495 
-62.425789 33.167787 725.970955 
45.403970 -15.574924 735.897557 
-9.528653 27.582417 720.361380 
29.868630 14.782653 710.509917 
23.178501 27.597419 702.309035 
-31.941362 -42.657423 695.484739 
-20.740955 -30.322591 688.035282 
-63.441439 -28.225653 692.882939 
-52.539319 -34.876451 729.796935 
-13.581204 -48.656322 714.503387 
4.735268 -72.140912 718.713724 
5.887088 -104.778449 699.928996 
12.963693 -74.272417 693.418405 
-34.280452 -10.690506 684.034420 
25.919550 -52.860311 675.144236 
89.919259 -61.816453 701.447600 
-77.619431 -42.247817 689.759025 
-85.820246 -32.545208 689.336652 
-85.128432 2.410450 725.446173 
-92.487541 -59.379494 680.953791 
-47.847504 -43.806372 692.874318 
-62.470200 -43.215335 694.447249 
-44.785142 -41.850770 701.394305 
-88.632084 -48.669557 702.779031 
-136.833376 -39.560662 696.151415 
-24.237688 -68.205151 737.376526 
-34.255754 -61.945638 731.729863 
-80.003834 -65.152898 722.420655 
-62.580094 -69.516228 716.863168 
-89.267855 -35.051040 709.591596 
-44.577027 -76.295443 689.932672 
-34.096009 -89.629783 705.981145 
-87.575184 -106.618224 705.839165 
69.865595 -165.666429 668.753580 
52.049894 -83.910864 698.918686 
-34.983283 -77.677897 719.727488 
30.288401 -147.793091 662.882214 
9.752146 -127.577398 716.666980 
-63.653007 -136.596668 697.692285 
-49.165762 -106.713308 702.070395 
-43.784563 -127.629567 688.248137 
-51.944304 -106.724865 690.633711 
-62.713451 -98.511688 669.682561 
39.082877 -38.771370 703.774516 
-7.751358 -76.706425 696.760787 
-7.050448 -38.917715 662.270030 
-34.492414 -118.902060 685.815487 
3.644755 -69.101939 718.870725 
-62.139470 -46.327960 677.265728 
-9.653214 -34.726324 692.221194 
27.813194 -45.484911 708.664206 
-38.089344 -20.247828 687.172834 
-36.824047 -26.388035 715.077282 
26.880543 -6.677282 689.054424 
48.667625 -5.237099 713.441767 
-40.843392 -49.433557 715.455924 
55.065673 188.981682 922.532293 
-70.128543 135.471792 845.864776 
13.467864 39.677367 713.282732 
1.564378 36.370712 714.141542 
-45.773587 38.205422 718.332242 
-67.083364 57.036355 745.505733 
6.426919 -39.861072 705.741214 
62.967324 -69.231413 679.889826 
-9.931235 -81.959658 663.938221 
22.899679 57.051743 1017.609918 
13.732580 43.363868 1023.075525 
-5.342437 7.554288 1027.895505 
32.586697 46.703174 1013.530785 
71.690753 32.819640 993.471399 
72.786266 46.713746 1026.790976 
17.538190 90.879004 1009.462172 
82.111964 100.583999 1002.231397 
83.909956 111.571545 999.071012 
60.818634 -22.455442 1024.788517 
108.462962 -35.251264 1032.617068 
181.006913 -123.006737 1000.509742 
-92.108453 -73.723358 949.886255 
-150.044222 -113.353810 982.335622 
-183.029739 -124.257164 1014.353944 
-169.061602 -142.766586 1037.776008 
-132.419830 -121.174832 1025.028740 
-132.188084 -124.461172 1021.536211 
-134.550354 -123.807639 1012.401376 
-73.631274 -50.666909 1029.517948 
-77.766934 -55.513282 1054.143437 
67.108368 39.269798 1012.026636 
178.399618 -24.150799 988.475842 
161.188241 -26.303933 1011.507554 
141.879474 -29.096446 1041.528661 
61.836888 -137.434702 1047.245828 
-10.600868 -64.091206 1060.637945 
-44.608477 -4.661159 1028.412545 
87.127279 -131.344270 1005.641256 
-17.119107 -206.726109 1027.901489 
-94.276402 103.254662 1046.863248 
-227.699414 28.108917 972.115852 
-112.055136 -30.663639 972.232173 
123.010359 7.632183 943.927846 
1.948892 -10.180165 939.817890 
195.041735 -71.802359 1000.025080 
97.150255 118.239979 1024.163367 
10.154671 -17.799724 1036.389220 
31.031018 78.088053 1073.265831 
86.204510 -88.876209 983.015863 
90.431210 -27.191387 913.318889 
85.325560 -21.749731 1023.844365 
86.661176 -85.798951 1049.730322 
144.148029 -43.149124 1018.755996 
137.353805 14.789558 1007.525303 
122.843098 9.485546 1001.598468 
161.960496 105.754840 980.330378 
146.627470 106.532833 994.073217 
143.468834 146.267295 1032.796174 
166.789517 104.409547 1036.883861 
112.330548 40.494611 994.499730 
79.341814 30.608294 1004.153327 
-20.621806 -11.891663 1025.297704 
-100.331122 -20.107470 1012.033579 
-134.499232 84.531767 1047.838232 
-154.496773 -3.434036 1050.006734 
-90.139215 -2.064082 1053.396250 
-203.902607 47.685199 1036.012712 
-141.797002 87.088869 998.412101 
-93.856078 22.681884 1037.457613 
-29.483978 70.503624 1068.672285 
1.164419 28.782019 1020.121514 
-67.797490 30.214601 1026.797003 
-85.287749 56.537143 1070.794806 
-119.036930 49.146084 1051.044045 
-93.473932 41.244933 1048.004745 
27.120052 53.838744 1077.527560 
21.007317 25.916786 1060.541396 
-42.879997 -3.217465 1027.706139 
28.218083 173.621256 991.943287 
-49.379417 -62.521802 979.567554 
-41.688463 -43.515055 1017.924569 
-43.931386 -52.807765 1026.740825 
-36.504440 -10.060767 1020.241147 
-43.325669 57.076649 1010.590516 
-16.354991 -139.005081 959.046133 
42.642487 -88.147688 1043.634436 
-49.318265 53.698319 1054.776936 
-13.335511 37.980982 997.791156 
-169.461043 21.369642 1016.776844 
-181.595689 28.611519 1048.570179 
-254.747746 -85.543300 1020.518148 
-179.974810 -49.343831 1009.924763 
-191.541305 -56.566138 1007.841430 
117.334838 -24.844965 1005.778618 
42.611754 115.863499 1072.276678 
99.016649 94.276158 1017.075888 
54.675994 71.512754 955.602911 
45.033461 74.454855 955.072384 
30.494387 88.836504 922.705764 
24.617368 69.342085 912.523116 
21.322511 67.824950 914.629515 
-57.731850 48.345322 1019.997972 
10.865866 116.382433 1009.157285 
15.151875 87.186104 969.932529 
4.621128 103.664143 978.799625 
-21.252868 75.407967 994.717105 
-85.327210 102.745367 994.901284 
-105.281753 82.516624 968.370120 
-102.386425 35.298599 907.414688 
123.077664 12.225467 965.431251 
-6.940260 49.000151 968.488113 
55.054820 96.822343 989.100090 
96.115743 102.793321 992.352582 
27.406692 141.270236 930.227713 
22.307832 -25.399232 891.325632 
-82.266244 118.060557 976.128270 
3.967887 211.316445 965.238661 
87.344938 151.314397 928.150984 
79.994200 155.899459 923.733732 
62.131393 130.822935 918.959528 
60.336235 67.081795 969.541024 
94.908518 77.692388 918.495691 
25.644511 94.695557 894.672500 
-17.872628 -1.190441 890.680991 
-6.210062 40.520720 847.264278 
-19.720874 41.362534 848.852053 
7.952314 -15.411213 905.866549 
13.978895 -33.851972 913.154755 
27.659677 -46.628036 898.908818 
61.025415 44.137467 804.638180 
20.951515 21.932881 827.619501 
-64.822503 -77.333022 838.372834 
-146.006934 -88.636088 823.432790 
-197.900429 -110.322784 815.839513 
-104.109241 -98.666204 814.323280 
-39.402159 100.787385 890.575523 
-50.458269 77.146654 842.028753 
-46.947612 45.945440 837.374168 
-48.438583 15.920403 828.632755 
-61.696033 5.501905 824.234122 
-75.572946 1.726616 820.212317 
-89.996507 5.913356 829.420737 
-114.785607 25.175749 856.038713 
-48.263548 135.909593 866.419809 
-28.510345 131.850446 874.550825 
13.901677 54.974214 859.728479 
136.838605 -34.535111 842.399131 
189.551663 -136.663295 839.763090 
179.958426 -158.984574 863.205803 
-45.035529 -52.337329 906.336251 
-49.563330 -39.061862 848.347454 
-59.665136 -37.477316 847.884752 
-141.551555 -22.574961 847.455154 
-72.361059 15.327916 700.865924 
-6.496448 -73.326718 752.462035 
-34.856068 12.802400 744.303546 
-28.337190 7.259395 774.822329 
-90.620408 48.675332 832.297611 
-84.061172 -21.518483 888.542206 
-62.579618 37.069331 861.684015 
-82.991591 -8.230109 820.866620 
-100.511651 -28.717715 823.307692 
-106.220274 -43.148954 827.440178 
-115.662933 -73.008975 830.933991 
-119.842853 -87.769158 826.838332 
-105.928558 -119.661862 814.406025 
-105.513111 -105.165994 804.848218 
-45.807139 -3.341886 842.107017 
-14.429494 5.653043 826.024642 
-13.629570 -33.885448 760.608633 
-31.398789 -26.287244 808.245046 
-33.202708 61.477681 830.807692 
-79.103086 48.946013 790.565873 
7.488877 -53.928303 808.775533 
25.263731 -42.485613 784.280698 
-23.641235 -66.609639 777.998997 
-111.846453 -51.691659 788.655116 
-38.163287 -10.779800 799.354156 
-97.225883 -65.367291 708.842465 
-88.693770 -68.335152 701.006700 
-164.937258 -78.272413 757.659541 
-51.431414 -135.310272 709.962221 
-150.636627 -101.274601 692.821961 
-67.745180 -69.408938 680.461595 
-141.848904 -162.966069 741.285990 
27.860600 -40.991139 759.250528 
96.779697 -65.003152 768.229795 
90.563261 8.662109 794.859974 
36.209791 -33.095979 791.762063 
20.153214 -42.023310 779.166145 
-84.944275 82.539807 791.398958 
-77.336880 120.780790 785.280552 
-50.896327 116.574075 803.063099 
19.206954 -4.704608 746.848418 
-16.758103 -1.365324 807.718647 
63.606047 -33.552392 770.229241 
40.036608 34.132125 812.192331 
64.634824 -2.353532 796.790045 
-74.370253 -2.027192 761.949566 
-29.307823 9.692871 708.582398 
-26.676236 16.370686 698.306394 
-18.649266 -14.821417 660.834822 
-30.598722 -19.327405 711.458921 
-34.404810 -69.498567 706.256268 
-75.055630 -28.765966 711.016786 
-54.443035 -32.231915 715.216502 
-33.813351 88.045812 758.611178 
-31.547685 19.049895 723.749199 
-41.589071 14.742591 719.060892 
-38.153278 -4.699639 717.239657 
25.728235 -9.155576 711.263417 
37.323027 -5.862208 713.488310 
25.223980 -49.323578 670.962511 
-23.609432 -51.573414 703.381982 
-18.487956 -57.957615 708.345085 
20.739996 -72.129423 709.022324 
9.570085 -64.619046 735.847162 
-38.347460 -37.244237 762.229003 
-22.797411 -72.146070 712.211980 
11.668183 -66.693098 664.901236 
0.580719 -82.609536 680.798605 
-26.468417 -69.171059 677.367441 
-39.261948 -96.550798 682.110946 
81.707741 -89.327269 688.459539 
-27.391148 -102.307430 657.806097 
-19.845530 -82.139930 655.110887 
-68.445622 -89.020232 702.209106 
-79.412512 -121.110187 688.732401 
-32.135800 -107.916318 654.578232 
-55.171825 -74.043969 705.382025 
19.781637 -99.985965 657.208011 
10.508717 -93.389507 666.168958 
16.101185 -41.446062 709.416420 
17.124545 -43.326660 686.366668 
-1.819608 -62.492783 690.887744 
-2.801623 -35.544337 676.014855 
-90.604700 -89.712463 704.947022 
-60.990270 3.281823 730.873648 
-107.426240 3.569801 706.630430 
-73.354413 -42.577813 712.338581 
-105.539129 -42.655830 716.790214 
-114.887896 -43.259463 719.834307 
-61.035291 4.119611 723.616938 
-24.782379 -146.236003 697.055376 
-23.950570 -155.510552 684.397602 
-36.954929 -72.791130 716.063704 
-29.716126 -58.168049 709.635776 
-10.035428 -58.916086 709.503022 
-32.368580 -81.275861 711.840807 
-0.886617 -74.927653 671.573063 
19.223016 -109.739954 672.230715 
-0.413166 -40.291757 677.456903 
3.059450 -51.014833 704.504124 
-25.238399 -24.242917 703.660778 
-36.919690 -55.963078 724.217051 
-25.743994 -101.806566 699.934431 
100.456087 -190.655541 860.807321 
65.875808 -55.540644 930.113188 
38.022511 -52.704307 952.209698 
81.083083 -95.069988 1020.677626 
-15.916597 92.051985 1072.334275 
-9.167230 104.443230 1050.065825 
-49.016350 132.899472 1043.066749 
54.682161 84.032585 1049.347351 
162.706455 -59.116281 1060.456702 
172.625116 -57.428868 1035.514209 
175.215395 -83.063893 1006.381997 
137.751166 -7.261308 1007.079393 
153.091459 24.200937 990.281485 
110.436928 39.737056 997.913409 
90.548463 48.425856 1006.679140 
101.332267 75.195114 1027.685444 
181.375147 116.319618 1013.961541 
78.434268 45.611939 1050.081898 
99.473005 26.667961 1030.089379 
15.702345 42.687583 1047.041033 
34.021287 67.697987 1044.606904 
158.647605 20.762805 1049.314752 
156.572808 -3.107703 1009.825042 
78.324554 -39.640784 1024.733945 
-17.461381 -51.024839 1028.193276 
-56.052070 -59.447473 1034.797764 
-18.596053 -76.547196 1055.665246 
-15.111668 -27.040328 1037.110705 
-25.601293 53.992253 1034.595955 
145.011553 70.277281 1013.593073 
126.792160 73.454234 1009.724153 
39.760749 120.245580 1006.893381 
21.162636 159.713509 985.943026 
139.492924 124.649997 990.475807 
138.783037 134.947919 998.194769 
159.295946 144.468475 992.033038 
85.238505 93.546802 1042.880609 
74.440752 78.906201 1058.860287 
133.770485 47.285766 1012.921164 
168.704564 34.116164 1059.092690 
152.216919 11.753610 1015.370256 
146.874235 -3.362858 990.511621 
126.081327 -2.818260 1029.825038 
57.947746 29.425518 1031.588996 
50.972375 28.319344 1025.668912 
12.412657 8.734980 1003.593343 
29.548484 -42.196446 1054.330246 
-82.273525 -25.880665 1050.471948 
-0.398500 -33.905308 1046.998387 
1.442431 14.147595 1071.677464 
-49.776556 -15.032468 1049.106611 
-53.265633 -29.401809 1048.476657 
249.927223 51.921991 1025.905739 
175.614418 38.660051 1058.246659 
196.163419 4.303763 1007.341366 
171.429151 52.546644 1044.128621 
130.383781 109.925823 1026.012697 
150.212823 15.549315 1018.939634 
148.164039 8.887392 1021.124279 
71.826153 48.732611 1067.406689 
115.922308 57.410914 1072.460147 
121.758983 46.304141 1056.100573 
126.932259 48.757173 1023.726048 
72.346816 -42.630859 1055.331250 
197.089745 5.907492 967.241997 
112.371491 -37.679137 1017.605627 
87.811885 -53.166303 1034.455196 
88.172556 -51.875578 1024.560314 
20.691204 25.589794 992.643023 
45.910587 35.556721 910.207896 
-17.104368 -17.242922 1045.812491 
89.643222 6.220840 1033.791773 
122.524811 4.254821 1011.283431 
136.810754 32.511764 981.057357 
60.136475 92.014930 1045.780071 
86.390279 58.928038 1019.748943 
104.107249 -11.249550 1025.531576 
91.860019 -0.850095 1026.621923 
11.043257 33.405349 1060.043526 
-31.373137 48.911415 1040.607440 
-38.361056 79.964358 1030.079235 
8.726657 34.828001 1028.756363 
-12.111574 6.304695 1041.859710 
-38.462674 -43.681549 1018.163695 
-19.870709 -40.746894 985.789932 
-54.010492 -18.119153 1034.529920 
5.320086 -25.105867 1030.581706 
163.205389 -61.197859 1002.711562 
133.520849 -87.604703 1014.456056 
142.575745 -47.112111 1058.488968 
-29.282565 45.973786 996.739663 
-60.564175 56.665584 1062.078675 
-3.152325 200.953854 1051.588614 
-47.664150 164.096744 1040.087673 
-78.554892 117.991105 1023.357772 
-108.090347 110.063836 1003.110289 
-115.969669 116.089651 987.029393 
-111.994555 40.076730 1058.614904 
-212.987853 103.674536 1043.699873 
30.102629 -131.214807 1029.601200 
50.277710 -92.784743 1057.732027 
-33.731484 -29.295568 845.422408 
-19.376840 -56.831313 828.365892 
14.627909 -72.401486 758.653150 
16.640783 -74.933683 761.536487 
38.689293 -102.005250 906.947210 
66.943301 -90.428593 943.255886 
35.714107 75.656465 998.164600 
-86.744831 107.436279 963.556648 
-134.568930 93.710452 982.451510 
-151.798619 23.701099 916.426800 
-136.784764 -0.093558 986.275181 
-96.894108 5.228366 930.318393 
-84.225154 -8.164115 948.939811 
-151.596512 5.115451 966.667839 
-84.314638 35.623357 908.074397 
-103.141829 29.872312 896.900661 
-179.317154 114.006452 913.997770 
-248.384547 50.658442 898.677066 
-226.093694 42.897967 903.338840 
-239.581955 12.658315 887.611402 
-231.642903 0.603281 881.226438 
-221.448359 3.348020 883.544919 
-217.870694 18.203645 895.364911 
-216.910214 19.762890 910.658312 
-233.635406 19.499163 951.634342 
-229.690488 29.927354 933.120691 
-232.307698 29.591813 922.958916 
-113.897987 59.113513 871.950044 
-48.063597 68.406002 872.472150 
-152.416941 -52.806686 946.510565 
-135.315866 -39.701931 890.006309 
-104.179626 -26.816524 871.897877 
-93.735014 -26.069170 928.212862 
-171.841429 -50.428947 980.733807 
-171.022307 -32.123444 933.129445 
47.297603 68.954850 913.251581 
117.318550 44.932732 808.815199 
83.551948 -8.119689 813.633299 
-35.811323 21.074442 811.051960 
-26.694947 65.013698 791.358540 
-18.063622 23.429679 810.295658 
-10.471049 13.524119 823.276666 
-22.192817 22.956527 844.861011 
5.793829 61.460441 816.974484 
25.281739 111.620131 900.083631 
-48.793662 72.211895 888.592987 
-77.987152 76.486118 882.785751 
-72.681380 70.222803 888.524125 
-72.255249 66.146063 907.839687 
-54.034026 60.218478 818.008186 
-37.606901 0.408345 841.510088 
-47.768513 7.874004 825.401291 
-72.456329 50.940035 823.874389 
-65.504393 62.881279 849.463759 
-74.271939 -56.287598 856.342402 
-160.080041 35.629914 903.504057 
13.170845 90.172202 827.890651 
-52.558716 24.652744 915.374122 
-89.659909 -58.651381 878.502053 
-131.650015 -51.383319 883.847638 
-161.876140 -78.583866 868.216882 
-149.117437 -109.194824 836.497726 
-77.115054 -36.659553 824.392573 
-82.631540 -36.591292 812.837410 
-103.724142 -36.260749 807.579212 
-125.180887 -53.386987 811.865644 
-182.828231 -44.970191 859.587262 
-111.404655 0.222732 822.428936 
162.283011 13.180623 814.718051 
180.635156 -34.342042 849.662260 
157.172493 -117.781010 870.147131 
45.388633 -104.862004 898.823504 
52.491932 -81.768658 921.700771 
-28.148310 36.429849 890.183061 
-25.982247 17.795358 844.267262 
-30.262967 14.083770 876.994452 
-71.475778 -37.834821 867.960261 
-2.961379 -39.945901 832.948783 
26.883667 16.641382 857.340892 
-52.540635 113.538521 811.563398 
-93.465925 112.322208 817.440620 
7.391824 54.488454 811.084278 
-14.873327 75.547760 851.988580 
23.824178 23.118822 818.481366 
27.851525 37.005020 811.660281 
21.420184 74.062400 844.462039 
58.935419 20.603721 781.423454 
-20.735933 24.520677 820.883121 
-6.921577 23.833318 844.947179 
-29.783817 27.638004 905.541709 
49.876007 -11.648688 890.845808 
7.470357 62.545798 822.766261 
-21.347404 -57.915842 839.179246 
-37.386612 -107.754551 878.298203 
-64.777140 -139.224002 872.799502 
-131.418950 -141.325045 806.096986 
-105.989357 -137.972514 816.343336 
-118.921620 -143.077466 837.425159 
-95.501325 -76.251162 823.274865 
-131.688056 -97.452461 822.807195 
-122.697325 11.506289 817.948361 
8.371697 42.022538 815.590446 
-79.860092 -45.160424 891.519691 
-153.398518 -1.552888 847.300472 
26.165849 66.442781 793.332965 
29.145283 -126.461024 773.368179 
22.878439 -87.869511 780.579941 
26.607111 -14.204423 797.228888 
-52.858515 -1.316308 712.994486 
-60.198857 -76.954439 701.989669 
-51.695160 -86.682374 708.554242 
-63.541338 -67.457811 792.430681 
-64.551305 -69.614107 786.977256 
-52.538601 -34.068913 777.580788 
-71.769415 12.556973 795.930483 
-0.562128 -57.455186 807.439917 
86.376176 -16.397960 810.527869 
68.430274 -21.556748 812.969097 
-41.151953 -65.007086 767.474995 
-90.400988 -50.534380 761.425319 
-57.710403 -57.345095 719.647328 
-14.750162 -85.419032 723.819561 
9.172271 -109.472552 751.544758 
-35.000017 -130.038816 755.844060 
-62.367078 -115.867696 756.410409 
-55.134133 -111.573977 705.651677 
-75.382864 -136.718952 752.037323 
-82.612973 -117.851276 741.924447 
-98.184230 -29.001606 709.063714 
-115.377838 -21.797619 801.044634 
-102.367675 -21.102480 744.864270 
-104.962190 2.123966 703.827328 
-61.696072 5.416834 820.584673 
-6.213574 -18.079538 738.257993 
-55.155721 -34.391909 736.158293 
-70.288320 -34.395833 733.369134 
-27.181535 -1.458347 818.503702 
-28.479588 -29.844702 822.307801 
-17.013861 -99.588975 800.214313 
-97.076764 -113.215093 788.905480 
-126.928851 -118.354018 744.331537 
-76.703084 -115.151332 784.870042 
-34.470691 -56.606379 724.146068 
87.826512 -70.236566 687.637187 
37.032110 -94.077831 665.751676 
7.621134 -67.402610 658.827334 
-86.937472 -42.966961 673.748119 
-14.485039 -85.602261 718.439811 
-19.215786 -133.364083 702.005504 
-40.654420 -84.372652 704.129997 
36.755028 -55.332965 699.158137 
20.985923 -51.078165 692.284109 
27.033753 -75.183718 683.228372 
31.366679 -98.731615 665.185512 
-36.074050 -122.832695 653.276038 
21.931289 -70.376340 690.190617 
-17.493184 -29.522090 721.192963 
-64.126979 -50.226956 705.438148 
-6.373678 -17.732789 722.910866 
-36.192312 -26.540387 694.098530 
-20.539828 -42.627584 704.208999 
32.455533 -49.446206 704.045590 
42.269304 -16.742656 691.359380 
-102.782669 -65.767411 713.115967 
15.218111 -2.021978 716.340885 
-21.992176 33.652481 695.814561 
1.629554 -25.608173 723.224430 
19.390731 -35.044798 731.192890 
31.440731 -93.859129 688.839059 
36.133261 -123.157275 698.297232 
-77.693700 -94.658824 715.075087 
-0.769062 -69.552795 690.160225 
40.540432 -80.198524 729.750140 
64.387115 -46.604062 703.610302 
17.872196 -4.553455 715.055573 
-46.795162 -9.481278 725.143690 
-3.557106 -49.468834 688.078702 
-58.226024 -50.085887 701.461510 
-8.710485 -24.426557 694.134970 
17.841083 -44.467307 704.511022 
-48.380173 -21.347822 696.013197 
5.514341 -90.995407 681.651312 
-2.086405 -62.873033 702.047467 
-78.363527 -55.880841 694.391473 
-56.544162 -132.572468 714.442392 
