71.627814 -158.200642 1050.777778 
69.911950 -153.420907 1048.829095 
79.421179 -153.955194 1004.366229 
102.910784 -118.142649 985.280464 
52.511131 -129.193900 1006.674388 
135.211736 -134.323125 1006.520459 
142.589257 -133.413153 1000.322045 
132.165363 -71.741135 1002.735087 
121.083400 -89.678214 1027.409539 
65.950382 -72.850368 1037.115990 
25.564650 -55.362174 1033.861431 
8.114305 -45.355571 1029.801269 
-53.827231 52.285094 1020.118096 
-37.625480 47.715667 995.416884 
-45.253798 63.398542 993.770754 
-88.871558 58.886478 1035.676027 
-35.785465 -18.536369 979.614289 
-3.744037 -79.837170 1012.430693 
-22.094178 -67.790015 994.866820 
-95.837502 -76.770574 968.789037 
-16.249395 -87.576496 1013.582239 
45.225388 -130.084926 1041.043187 
101.771427 -121.705261 1031.341467 
162.443319 -147.658875 994.735664 
179.102452 -144.291178 994.772523 
83.952968 -84.251147 1024.189892 
104.102579 -78.765699 1000.170537 
111.968534 -69.911376 993.067996 
86.447362 -39.704677 1022.738557 
23.054146 35.967940 915.251176 
40.316877 19.151347 945.161672 
22.999604 -6.710661 1057.897191 
-15.813714 -31.012472 1053.858954 
-23.751621 -54.123667 1025.552330 
-48.127381 -19.274104 998.738319 
-12.850200 -55.460839 972.233765 
-6.491261 -90.024633 1037.715722 
-26.994365 -100.745184 1057.600309 
-12.260128 -103.346824 1021.494351 
-13.849352 -105.252865 1031.094211 
-12.602340 -78.880861 1045.424734 
-15.975200 -63.202852 1033.885467 
-33.123956 -85.714000 1024.216386 
228.310478 -13.812840 988.665559 
225.142651 -117.947630 969.628985 
189.550022 -126.253614 1007.629311 
141.723795 -139.412804 1001.084929 
137.065910 -122.364001 1007.456716 
193.036340 -122.519186 1004.399390 
14.409077 -154.570595 1037.008751 
8.455895 -32.402955 1043.956072 
28.745164 -29.378207 1053.200622 
42.790883 -57.994601 1012.145992 
-16.028511 -82.096133 1068.127195 
-50.053060 0.633061 1063.855848 
-67.059295 -1.216975 1065.664418 
-42.874059 -10.404415 1070.556906 
104.297446 37.697475 1028.992681 
66.117476 -2.565640 1049.438132 
-8.607884 114.641435 1011.255044 
-18.962329 58.038292 1017.246947 
-30.196860 70.682980 1005.068134 
-32.411595 41.729352 1006.555123 
-71.008759 -2.742740 989.061888 
-82.830378 -10.154440 1001.202361 
-82.582868 -13.843657 1004.982818 
-89.680397 -6.402792 1019.382434 
-91.917737 -7.760403 1036.645147 
-91.950147 1.829583 1042.820627 
-112.830295 -66.674705 1036.174601 
-122.604971 -49.470160 1038.405010 
-34.649331 -115.932776 1039.135345 
-104.054827 -103.458196 1041.423372 
-153.605637 -115.962117 992.895320 
-165.221949 -99.720295 993.866996 
-161.104427 -57.947580 1035.315002 
-205.673422 -41.304159 1024.112504 
-42.424683 -64.907378 1069.805327 
-85.699323 -90.537106 1046.693307 
-89.020625 -107.955408 1026.815818 
-91.318062 -97.861984 1020.354815 
-156.016577 -22.115650 1043.003201 
-164.754829 -22.278016 1042.788180 
-177.672370 -17.701352 1017.869565 
-156.699576 -15.061668 1048.736553 
170.055166 -102.343678 1059.977982 
161.357005 -104.129735 1056.766902 
118.179686 -94.100763 1024.281472 
111.890600 -102.975180 1018.253394 
193.391130 -41.431124 1053.836586 
162.361053 -80.396556 1024.688303 
115.986033 -56.640009 1026.315095 
74.179607 -103.985357 1021.397490 
183.913826 -102.452490 989.984209 
186.510853 -102.787593 977.751527 
125.184159 -69.700657 1002.385438 
90.259433 -92.509450 1044.421187 
105.733504 -70.255018 1042.110206 
167.980395 -66.513834 1055.217621 
205.241616 -19.275617 1005.313907 
201.402188 -9.593730 1005.403201 
189.237520 10.342053 1010.778940 
61.099587 -2.349481 1002.676252 
146.094155 -49.528044 1017.312282 
146.481392 -65.585723 1024.254747 
139.524476 -69.685244 1009.275382 
-28.585919 -122.120447 1023.736761 
4.053278 -113.191682 1041.237062 
-39.664131 -147.910017 1037.418601 
-18.500981 -207.783371 1007.863268 
43.511519 -250.139991 947.694882 
-2.801906 -271.851734 1008.334658 
17.873384 -118.760448 1086.641330 
36.041108 -113.574404 1078.163296 
21.991078 -114.633228 1064.848304 
-52.097379 -117.447550 1062.944570 
-37.857737 -134.195876 1065.564257 
4.106260 58.953067 987.693019 
-12.735554 34.269509 1031.500962 
21.477109 12.571252 1051.863303 
37.261377 35.615027 1070.317369 
45.268378 4.853372 1038.533456 
52.727977 -116.883838 1018.442280 
171.947632 -35.226155 993.615135 
98.936300 6.784296 962.875841 
65.115083 54.240225 934.629734 
128.064930 33.161368 909.515190 
87.257112 -79.091501 1000.785749 
50.676444 -27.065103 967.655010 
94.075121 -45.390931 949.851246 
34.280439 -139.757671 1002.408396 
42.194348 -137.099854 984.854026 
9.243722 -105.298756 1009.287716 
18.541753 31.851234 972.273545 
71.507037 53.827934 941.190571 
76.571714 110.926176 985.556822 
170.690260 -19.733991 1010.626854 
146.368851 -8.945625 1023.788348 
69.978611 -173.351057 983.331551 
133.558932 -105.029692 1031.540122 
86.306483 -114.972768 1003.637499 
37.199594 -88.810092 992.319095 
96.893553 -128.466667 984.298798 
70.959367 -58.935182 1020.840741 
64.278909 -52.878245 1009.968414 
-27.631919 -61.232133 1007.617466 
-1.343256 -28.686558 964.210132 
-46.220599 2.462939 986.546903 
-55.111544 -45.415901 1011.850905 
-126.845380 -57.824700 952.569474 
51.029894 0.029862 1010.259433 
-7.580732 36.411909 1011.253005 
-57.102575 -118.543827 973.098096 
-88.506827 56.041219 989.872638 
-106.950369 73.436413 958.495921 
-77.865753 85.929285 964.275531 
189.287728 23.864989 944.613978 
129.122750 40.398269 985.927517 
-1.754843 35.555163 994.640480 
-8.135454 44.099207 996.417377 
-72.292225 -17.956324 986.643759 
-23.037765 35.881519 1012.951671 
97.412312 31.734363 1040.656493 
92.428769 -2.423146 1004.640114 
67.249489 -28.100829 934.631362 
92.812775 -53.848681 935.372171 
106.915078 -48.632640 944.623489 
133.035220 -84.573805 974.296376 
61.500537 -8.199310 999.089148 
-93.748403 -14.654043 994.140656 
-177.763567 -101.656239 986.987218 
-192.015376 -73.147045 974.453119 
-173.732317 -85.660593 955.719397 
-181.194389 -83.202655 957.161473 
87.504488 -76.029213 888.945015 
43.885402 -55.314549 809.963932 
-5.206806 -31.405418 822.745533 
-89.061663 -22.083159 855.474321 
-79.359066 36.483297 850.949380 
-41.365786 -8.189214 830.535126 
59.336087 70.326721 896.985760 
118.121702 35.036778 897.330402 
172.049303 27.218812 877.785362 
118.460692 -58.193604 881.812639 
139.957036 -87.235118 897.680891 
50.335156 -53.968266 910.816606 
92.062006 -87.166741 896.863577 
56.440666 -62.757484 850.534716 
60.982668 -22.254709 866.629501 
65.923320 -36.237893 875.498679 
-30.955558 -23.948419 873.620651 
-77.243650 -0.114966 888.005792 
-105.353236 -59.038925 889.610996 
-107.320156 -72.781802 874.980114 
-34.420310 -33.586930 903.047169 
-21.198342 -20.168260 895.994535 
71.899644 13.697241 880.376464 
86.431478 29.200930 889.370226 
172.597659 3.053827 894.963477 
143.479532 -49.147739 795.237435 
91.798820 -76.650185 797.689445 
79.424417 -74.065578 807.474211 
49.858470 -102.597220 853.188471 
16.396690 -66.308854 896.663417 
59.608808 -4.031717 893.671124 
118.802943 -6.855032 885.492676 
19.930143 -50.122791 874.518773 
149.273140 -79.186510 820.240551 
157.590198 -55.951950 836.532048 
155.190483 -78.549596 821.657923 
130.333196 -51.464972 806.350890 
99.043905 -60.280445 822.020974 
105.137390 -59.894701 814.304300 
92.011879 -58.278624 805.089625 
61.574083 -58.585831 819.870088 
12.133907 -62.465849 868.461179 
-115.239583 -11.050809 893.890072 
-122.909640 -16.192133 899.613776 
-112.734856 20.635144 877.887904 
-161.119403 -15.918251 873.615894 
-165.853931 -17.542800 893.395396 
-162.598764 0.321986 882.917717 
-175.028009 7.062384 871.181737 
-225.642485 23.870056 859.866505 
-145.868046 39.497311 878.799236 
99.511559 -57.877874 921.219762 
170.649799 -92.735915 910.846398 
138.278667 -67.639656 885.345838 
102.897377 -113.910476 874.055737 
163.485696 -138.068978 883.638100 
30.761488 -43.262339 912.207032 
40.617508 -92.848755 903.592362 
-23.585361 -117.054551 918.763315 
-49.525830 -138.878831 865.078730 
-37.061211 -142.757005 863.217393 
-39.060675 -123.199019 817.537048 
-59.785437 -123.466068 804.343414 
-27.352842 -189.795703 876.521916 
-59.090814 -183.420862 867.557054 
-38.388484 -156.857299 881.555750 
-8.910836 -86.638773 913.582492 
-42.910150 -146.059005 909.436838 
-29.056996 -104.218400 886.527897 
-16.330906 -69.130857 887.199344 
32.414083 -75.086313 905.953941 
-88.239424 -113.397782 898.156983 
-99.484591 -215.761131 821.265293 
-69.550114 -100.884134 835.502997 
-19.508475 -87.873388 850.027605 
118.732129 -5.115458 902.527035 
114.557263 -50.050001 907.262142 
128.470413 6.791904 883.275554 
63.848341 58.775958 850.448769 
-146.897424 21.982578 798.167452 
-131.660939 28.479392 797.151157 
-119.772177 24.280411 812.475360 
-150.203300 -12.515431 765.927909 
-130.845304 -80.926271 827.422684 
-132.034510 -104.915745 804.953700 
-130.782077 -87.161840 816.956378 
-182.187158 -113.295083 835.271597 
-184.043198 -122.894818 836.188561 
-146.997440 -72.382348 868.405685 
-114.945625 -49.332180 883.233545 
-177.447287 43.352647 899.229476 
-151.744001 12.525392 898.538038 
56.583973 -121.872087 920.032509 
59.856874 -103.604166 908.921730 
44.789278 -128.889418 825.530395 
36.005876 -146.354516 815.504453 
-17.910185 -163.145936 813.649232 
-24.912273 -158.740200 830.899829 
35.681570 -120.641511 872.998430 
39.107943 -103.870745 931.733028 
-10.675060 -88.791087 894.260945 
84.080252 -101.266514 921.729472 
137.337140 -51.815537 922.475013 
55.598914 -60.626873 892.233875 
115.706134 -164.346316 917.005712 
115.696671 -84.282920 859.011941 
126.963845 -170.701460 848.693064 
40.821905 -57.121168 807.194268 
47.691695 -41.802128 797.184905 
60.469550 -24.544348 797.359068 
28.618721 16.558399 791.136460 
49.477553 -96.371343 756.482952 
5.481922 -52.190022 759.361479 
-14.996014 -23.135864 790.248068 
-53.228357 -62.938108 794.981512 
-74.288114 -103.206151 771.391852 
-96.745625 -4.174772 768.219287 
-121.458003 -6.579461 786.921855 
-123.433002 -54.901057 786.354835 
-126.814632 0.616713 770.371864 
-32.293977 -44.892755 804.971801 
-97.818269 -49.625289 746.974068 
-86.081788 -26.451676 746.051721 
-76.208796 -37.997927 740.666103 
-69.721558 -62.672035 792.313919 
-128.061514 -53.902146 777.096536 
-66.890354 -16.456710 762.086794 
-26.840106 -31.153345 778.621596 
-105.175362 -32.152736 793.659502 
-98.947240 -21.912637 745.053653 
-11.442394 -23.379808 765.169490 
14.161984 -64.069392 783.754498 
41.658866 -17.001830 727.463779 
34.137524 -45.335980 740.218813 
29.620009 -39.860866 740.566963 
-4.933956 -48.588078 794.392976 
-30.598888 -86.579982 804.708364 
47.374366 -45.002738 794.561615 
-38.045209 -84.562612 807.514586 
-43.142853 -164.352343 800.867296 
85.044042 -117.358470 778.719570 
-22.800961 -93.400460 774.625869 
146.230657 -94.919574 792.730497 
102.638415 -117.189302 793.399103 
18.539824 -117.425815 820.791823 
13.673847 -113.409317 771.277378 
-24.316382 -111.638388 755.860610 
-12.718334 -121.296297 725.068068 
-24.422545 -111.007941 712.475807 
26.639384 -81.619047 751.708240 
57.155612 -137.715335 791.523128 
1.992029 -138.891679 797.980071 
-10.734124 -101.120805 793.038252 
-23.981458 -101.517217 776.802417 
-89.803698 -89.514359 785.218507 
-102.807758 -74.394387 792.906207 
-12.574752 -34.369053 813.056661 
-5.953936 -45.636938 796.691985 
10.901625 -72.317778 776.076877 
9.010935 -36.138823 815.534082 
-29.598718 -129.197649 816.514957 
-73.157764 -64.473346 746.717975 
-82.105739 -51.049006 738.076518 
-87.455007 -56.531109 734.433363 
-55.443296 -100.126041 729.779205 
-48.802463 -142.731783 785.250092 
-48.733787 -145.698503 804.961640 
-98.666376 -81.001316 785.329450 
-27.267910 17.178637 840.583209 
-19.204688 5.093394 835.273723 
-25.254602 4.717182 817.159632 
-23.531942 -40.575371 789.167423 
-40.574701 -108.520967 766.404750 
-51.041475 -32.872679 776.990308 
-45.521195 -34.442446 764.103573 
-24.783537 19.128183 757.870022 
109.281858 -9.478615 815.295863 
111.323191 -7.844128 798.854428 
80.047892 -57.448283 812.298667 
84.194342 -51.580932 797.230083 
13.506302 -67.278230 775.447613 
5.061367 -37.077220 782.570881 
7.529590 -48.773268 791.712396 
42.948833 -7.176234 845.015262 
21.797613 -102.054633 731.062732 
-10.092734 -106.216008 726.010284 
4.268559 -83.998233 746.912124 
-30.651841 -102.120098 770.852299 
-82.535524 -128.367384 793.389589 
-76.871394 -103.401283 813.238705 
-65.172225 -102.622041 817.603515 
-40.442457 -71.684704 784.565800 
-52.701803 -74.780401 781.835743 
-70.634669 -93.206132 797.635716 
-44.661686 -92.243170 761.873145 
-65.316654 -39.633011 771.926063 
-43.584075 -20.763239 772.890460 
-40.130402 -7.953881 777.093529 
-35.403961 -27.387936 770.435864 
-29.772073 -7.014625 753.989998 
40.818808 53.652633 799.352964 
15.920989 58.712071 804.433868 
2.232978 -88.581339 742.814201 
-14.364182 -76.999329 763.670308 
-29.433181 -36.939569 799.316551 
-3.854806 13.743249 762.494794 
-54.417406 30.757421 755.811424 
-62.602456 67.506455 799.294712 
-67.633547 63.929796 807.098607 
-54.690282 -115.184955 701.692834 
-30.750415 -96.536163 680.508553 
-14.609562 -86.609479 703.256001 
-20.390730 -43.911273 700.320879 
-14.764218 -68.091092 692.336183 
-23.724084 -66.858244 688.422683 
-10.728115 -47.436957 704.430422 
10.783421 -45.072334 682.504892 
27.938715 -88.285402 674.298063 
39.435264 -80.274136 674.072773 
23.553346 -150.488736 663.198994 
-0.910970 -192.859443 698.595076 
-54.626569 -68.294752 735.558140 
-43.631165 -61.334579 687.902463 
-9.431966 -88.896251 695.604988 
-28.960631 -128.866825 696.950637 
-3.744437 -126.471375 716.804126 
-82.136634 -70.325086 696.215450 
-47.197048 -76.781932 697.965936 
-7.948251 -20.917649 682.512261 
-0.004643 -12.391316 697.164112 
57.978127 -93.157244 701.178748 
-30.054454 -102.674595 699.295391 
-49.946579 -106.405676 654.188596 
19.490086 -61.872822 696.195738 
-5.188728 -101.876776 714.174533 
-8.050014 -43.836597 716.432614 
-1.133749 -53.288812 671.429480 
30.215470 -115.002123 717.016526 
38.077735 -112.186185 709.763965 
-16.731262 -109.736437 716.443219 
34.933922 -108.547411 706.538450 
-24.323022 -72.331811 693.838788 
39.879699 -41.557652 664.754237 
33.266855 -67.295503 712.576117 
-43.031017 -90.108391 698.781607 
17.437465 -73.285439 700.297211 
-59.866568 -164.125500 712.993572 
-7.921309 -115.413099 674.681799 
25.791815 -81.263516 712.355933 
10.349377 -55.788397 689.201525 
51.089532 -74.425689 712.427063 
51.349660 -83.718414 716.145990 
84.639501 -118.024064 700.148311 
43.872872 -153.581131 676.397666 
62.734648 -98.665998 648.205013 
19.340207 -146.495525 670.185369 
-37.624402 -95.446775 708.231125 
-9.360570 -114.725172 692.249226 
18.115535 -97.009961 713.719504 
1.588248 -82.385948 698.716194 
-4.430005 -48.293773 680.908723 
20.190330 -86.642940 691.752780 
16.502542 -145.707367 696.748685 
108.376675 -64.492930 700.298226 
36.443937 -135.281550 700.565753 
9.673663 -145.071692 700.631919 
18.604278 -101.923764 703.803630 
54.775469 -68.204536 705.781566 
24.989591 -80.708691 677.281057 
10.150170 -123.585333 720.451296 
13.409504 -121.160509 734.524135 
61.823955 -53.943491 704.905919 
-37.561549 -66.312109 704.270512 
-3.071972 -63.820503 702.230702 
-59.913235 -51.789675 697.960487 
-52.258186 -62.856742 652.534784 
3.214626 -95.809265 661.239075 
44.838231 -8.681055 645.421370 
-23.893183 -74.139708 694.602594 
-25.044355 -2.043497 702.802938 
-18.916601 -13.666701 666.977718 
53.864615 -41.298874 692.333086 
-35.918789 -125.876911 679.517798 
-74.598050 -127.440732 704.830623 
-39.130920 -79.483989 689.005335 
18.001374 -48.654782 705.319464 
20.443594 -25.755858 721.560827 
16.678448 -16.216215 1070.744672 
18.782454 -32.044817 1022.766535 
13.515766 -30.555083 960.869190 
36.055991 16.189061 1010.178337 
36.690288 -38.293619 969.337435 
15.323444 -46.311655 1021.175650 
4.215265 -5.256152 1053.221604 
25.598658 -13.351580 1017.589884 
-35.246504 28.620967 1042.774379 
-58.556873 21.063805 1045.275782 
55.092624 -47.381473 1061.669531 
68.283769 -53.647655 1041.298794 
-27.143333 -90.411096 1035.501102 
-37.520263 -86.590977 1032.117168 
-43.005877 -76.107418 1035.852763 
-69.244390 -39.364087 1026.632305 
-37.247985 -30.184854 1005.141798 
76.657754 -111.406004 1050.605846 
71.906902 -36.885702 1062.047625 
25.249367 2.566464 1044.927040 
-33.096867 4.949126 1028.581535 
-118.531147 26.247304 1004.880233 
3.135818 -44.105664 1035.387531 
-37.306133 -16.235056 1075.105203 
-48.103514 -1.581800 1040.265703 
-27.525465 7.150539 1052.012660 
-62.535332 -65.042295 1036.088390 
-50.551859 -76.882089 1022.162263 
-6.919794 -49.282978 940.324337 
9.243759 -23.138288 1045.186049 
26.856706 61.922736 1067.659903 
16.504981 24.161677 1044.101061 
20.300084 -36.105812 1009.914012 
75.712809 -27.936357 940.953922 
69.959078 -52.028817 933.993627 
-0.527736 -15.159500 1057.508989 
79.430415 -6.337921 1031.042515 
97.901934 16.179281 1021.277269 
64.840018 44.276369 1039.460648 
2.137673 51.375712 1080.436480 
124.835490 54.584914 1058.898635 
7.748151 -36.720889 1032.927810 
75.229787 13.154084 1025.140873 
116.960956 20.036470 1064.901321 
-9.839962 55.637259 1070.932788 
29.980021 -18.824891 944.230164 
102.599762 -25.301433 1055.818462 
113.892967 -16.006003 1033.963298 
76.231952 -100.139114 1003.216340 
105.812812 -122.017744 908.242896 
95.851720 -98.709354 1016.253085 
70.650646 -91.122944 1014.794824 
92.328355 -91.104031 971.466483 
21.034282 -97.356313 940.101383 
15.197096 -48.166825 966.436536 
37.017049 -55.848025 904.510521 
-7.321022 -20.695085 1017.031643 
2.190765 2.305720 1049.209426 
-22.173512 41.379602 997.429267 
-6.982187 -23.012520 1003.410668 
124.451045 -29.576464 996.969034 
11.483032 -77.311020 975.599577 
122.166524 66.768736 896.473378 
113.195951 52.378678 858.080901 
133.161785 23.721229 897.484930 
92.612817 -57.312717 811.077777 
65.232654 -65.911120 800.293232 
-65.222643 -130.059002 916.328724 
-22.875508 -135.942021 930.221754 
17.625416 5.813725 955.521204 
66.732398 -60.351659 927.960110 
42.734145 -85.180934 919.612420 
24.910722 -92.456209 828.354969 
16.787319 -98.592057 937.187378 
25.907372 29.025724 900.763845 
-7.636141 -101.893756 954.181293 
-34.947087 -67.084661 951.497957 
-18.081269 -15.064318 925.830847 
-85.775008 -76.476993 1004.863643 
114.976659 75.532889 957.217049 
104.690516 12.416122 921.978847 
109.312805 23.278200 910.818737 
113.261085 66.096317 931.322168 
79.826953 -69.272190 909.204925 
101.909517 -78.057450 814.331811 
105.431048 -85.018429 764.350591 
35.477502 -82.822628 787.548327 
-16.491519 -72.617407 702.688689 
10.879677 -45.535517 821.608781 
-37.752358 -53.507067 876.305930 
-24.016816 -10.056848 856.676351 
-30.437287 -59.671127 877.835841 
-115.365662 -84.123544 810.584237 
-100.975839 -76.747695 822.827371 
70.933319 -71.731513 805.164607 
18.427972 -96.182561 851.854812 
-56.065636 -124.242540 871.695420 
86.782755 -140.896389 888.621247 
31.491806 -100.407132 869.735311 
-12.060821 -77.204859 884.656366 
-69.532889 -7.568630 883.402128 
-49.025377 -75.473169 866.932246 
-1.005700 -78.262345 832.754866 
38.851356 -25.727447 846.504230 
66.953641 -8.295947 937.758241 
87.677062 -37.865790 901.196620 
142.990211 -68.516584 887.423748 
-27.983924 -104.161100 789.653391 
5.504274 -44.020748 778.690135 
29.309937 -66.673331 800.595898 
48.828264 -3.575371 775.909991 
70.170235 7.683300 759.785291 
13.993073 -118.273934 758.280752 
40.601553 -162.536682 718.655474 
39.690145 -112.800219 732.988488 
71.149345 -108.259912 743.118645 
47.763451 -89.317554 726.606815 
42.513512 -97.228922 730.150695 
-12.066155 -183.172800 700.100782 
-47.039947 -143.602441 736.854372 
-61.971304 -168.736286 788.318609 
-81.853838 -164.062765 763.144529 
-49.491658 -136.532989 831.878611 
-51.793382 -146.666357 787.905631 
138.986219 29.907866 827.839057 
86.360855 5.775041 795.808285 
-14.243407 -63.960872 797.424466 
-37.792869 -38.039152 778.829813 
-59.188385 -78.298454 877.926599 
-71.800076 -41.833133 803.760876 
-47.326116 -39.112321 749.229983 
-76.472889 -83.915935 804.048953 
-50.576860 -57.695526 768.122736 
-8.588324 -92.315707 708.543172 
-6.450774 -71.800190 660.973733 
-4.426601 -67.979392 665.279824 
-0.056499 -68.074268 673.858691 
-11.398786 -91.501973 688.716295 
-5.156991 -63.017171 655.037853 
-9.463224 -109.058189 685.166289 
-65.163132 -61.107021 715.122809 
-84.200833 -74.578058 679.377354 
-68.572523 -108.974623 680.274235 
33.470242 -141.941707 698.257659 
-57.526491 -91.242747 729.029875 
-10.601848 -97.746682 712.174968 
-97.943708 -85.085491 693.219448 
-55.292638 -62.865921 712.602691 
-61.579947 -117.175610 710.981699 
-28.148699 -145.905685 717.124553 
-25.032595 -50.807725 755.433394 
3.092588 -138.654378 771.010228 
-23.671540 -85.850746 711.026657 
82.392126 -188.712339 903.081690 
60.258926 -151.878566 808.618248 
86.216924 -144.886353 1020.815295 
137.154192 -155.122084 1040.987368 
165.438250 -229.537567 1005.467504 
150.316805 -160.892659 995.062100 
134.296446 -152.495966 989.736399 
94.171020 -126.555251 983.260721 
60.755159 -97.421636 1003.160986 
65.504955 -9.382040 1050.820533 
60.616821 -37.200849 1039.993062 
135.972262 -45.014666 1039.317659 
122.506953 92.606395 1031.799040 
-59.947051 149.304139 1009.834795 
44.511055 -31.642062 1034.326142 
225.140485 -5.073192 993.393259 
96.381301 -52.441571 1071.532073 
114.086913 -82.253363 1024.006622 
48.102232 -80.101756 1063.585568 
47.706151 -91.675917 1028.712121 
46.240905 -80.461199 1014.998171 
79.112901 -86.335174 1030.043692 
33.706203 -162.226802 1042.087274 
112.500377 -125.966381 1037.753730 
105.050523 -167.250272 1027.914609 
75.752927 -168.738610 1026.914809 
73.266714 -143.326293 1065.607965 
30.596536 -61.182380 1045.556270 
-35.598091 -107.190460 996.854124 
44.467389 -59.253093 1090.176508 
-20.006083 -5.268031 1007.176873 
4.835115 -24.447023 1000.334986 
125.440027 12.619347 1066.480196 
81.904052 104.702800 1048.482927 
35.033480 -88.525485 1069.103522 
-72.516122 -102.151575 932.391017 
-32.353120 -147.525054 932.935181 
-25.314638 -131.711204 933.116295 
9.579211 -132.812276 922.588777 
-12.083552 -64.005507 934.405236 
8.137463 -79.868379 977.909631 
219.743840 -60.796779 958.937477 
174.364286 -41.377497 945.298547 
133.922327 -62.588248 923.319435 
68.180807 -82.671901 923.097592 
71.782778 -137.039010 902.700581 
89.859714 -138.568926 861.144138 
151.469791 -115.449271 818.783080 
144.729413 -116.329904 815.719146 
11.119872 -103.603857 868.910252 
-51.160868 -78.257775 885.031421 
-82.731766 -65.217353 886.462480 
-86.147921 -50.955956 891.003095 
-79.795475 -49.856446 917.553889 
-33.436869 -94.914495 914.700067 
-32.998823 -124.695968 827.750662 
-19.812145 -140.085795 828.262604 
1.486042 -252.442059 787.741193 
4.451344 -269.583800 775.479952 
-25.874494 -124.033415 860.440958 
95.685141 -134.804323 850.940581 
53.563345 -106.341155 823.407151 
70.820516 -140.752452 813.212297 
-0.361854 -93.509118 847.849395 
142.531724 62.566634 872.170329 
4.952644 -117.783418 773.308217 
10.870073 -51.031793 814.243795 
-27.678221 -133.370545 811.985168 
44.662735 -113.408332 729.054192 
8.688194 -119.358509 759.476434 
73.761088 -51.447560 754.992736 
55.846135 -100.828176 759.921805 
35.684603 -60.016776 817.242839 
42.407243 16.005587 775.491240 
28.809589 -70.557985 722.613537 
-63.120614 -56.366728 790.603445 
-96.103012 -142.929722 728.100254 
-44.793396 -154.345889 732.737632 
32.903026 -136.968603 704.862156 
55.020895 -80.969299 702.122054 
35.656881 -55.366268 654.688540 
25.664973 -63.468926 664.673089 
-26.165764 -44.554774 674.982690 
-11.969793 -33.120454 658.888907 
-20.540839 -33.046486 710.667014 
-37.019693 -59.894326 695.797526 
-47.904670 -63.577002 697.746873 
-63.854160 -150.815231 684.520937 
-75.122740 -164.849326 682.483202 
-71.766447 -69.119930 723.788923 
-33.280734 -55.196217 727.189750 
-44.561588 -59.423807 706.321378 
-23.744695 -158.281713 691.235621 
-64.797927 -58.033520 707.335646 
-67.873057 -59.509126 704.226576 
-117.554842 -59.336227 705.789870 
4.011731 -125.096001 705.042869 
-59.668490 -47.623172 714.730883 
-8.073209 -112.910870 1056.616547 
5.035275 -163.571274 1017.089413 
17.019257 -156.503114 1001.753951 
26.826479 -90.226562 1008.413771 
15.069416 -67.798817 999.661406 
-0.360512 -54.956196 1000.100659 
-0.993992 -48.431756 1003.350287 
-3.677473 -57.495066 1005.534502 
-15.092871 -55.403807 1011.139557 
39.623776 -13.663411 996.259705 
32.946287 -18.994623 990.425273 
17.197697 32.501992 1026.553480 
13.009552 30.051372 1041.795110 
39.563707 89.460906 1014.113031 
-21.046312 57.973388 1043.988990 
-4.375841 17.795579 997.087544 
-11.357369 27.199004 985.624958 
-58.181105 16.746020 1007.206954 
37.200789 -97.041988 1004.459098 
144.749539 -43.976383 962.751985 
197.724162 -90.988733 972.203585 
0.735407 -105.703158 1012.751963 
-29.179713 -93.761387 1029.902561 
13.133297 -116.689877 995.421788 
29.353280 -143.479081 982.648328 
75.029899 -121.754822 997.921108 
43.956794 -113.816104 1039.475540 
-25.223132 -101.893549 1026.794774 
-60.436878 -14.289763 1025.944070 
-152.791111 36.159101 1031.650137 
-21.606073 -18.379474 995.243504 
36.451741 11.794674 944.528469 
21.807173 -20.326763 894.043973 
-26.777793 -118.254391 1024.414898 
9.247219 2.830152 1045.260107 
33.713892 -10.067154 1027.143748 
-15.292983 -62.011869 1014.678815 
-50.566474 -43.778150 1017.223745 
-8.801194 -77.285642 1035.277967 
123.288519 -109.710169 1004.630278 
10.353706 -13.378393 1036.469020 
112.850229 -24.413673 1025.127593 
51.669167 -53.871489 1027.878226 
-36.510591 -66.632343 1009.907184 
-7.064222 -73.334483 991.083041 
128.342531 -110.996119 895.442405 
59.079170 -108.176752 1015.890836 
-19.879526 -164.852952 985.957182 
-14.153081 -151.267117 987.829217 
-77.283872 -146.450586 1014.134568 
-136.322888 -142.151804 1021.924695 
-57.550267 -14.017396 1024.751488 
-108.292785 -8.541273 1050.320188 
-85.206370 -62.568031 1005.365405 
-41.797116 -79.236164 993.303917 
-62.215407 -76.907093 1015.054447 
51.328828 0.903843 936.821116 
118.469380 -119.122804 1017.963154 
-9.417975 -112.965338 1017.380543 
-8.508681 -112.867443 1017.403648 
-11.459954 -100.385388 1019.896841 
-80.830803 -103.160076 1011.820854 
-92.303615 -93.289014 1014.533733 
-35.578624 -74.594343 1044.516264 
-31.882812 11.019633 1062.816507 
-79.758607 -13.081048 1020.826764 
-147.550374 10.540819 1016.852346 
-133.081080 -26.412757 1019.516062 
-165.436934 -120.780478 990.419772 
-113.610436 -38.246107 1032.643242 
-133.231489 -10.108971 1015.421171 
-105.812771 -34.490901 1053.383846 
-102.391960 -29.708800 1049.015330 
103.774725 -92.187872 1054.811642 
11.114247 6.013796 992.706039 
103.626181 9.465383 1001.662413 
69.693576 -5.311658 955.191092 
-17.269070 -11.382151 978.634026 
-34.464966 -12.583460 992.449401 
-100.423598 -13.015245 987.777044 
-60.250700 -15.871477 944.313403 
-116.259959 -50.636840 937.461053 
-116.117240 -97.864701 985.601705 
-120.706983 -110.245215 995.111991 
-179.887208 -75.729364 1004.592490 
-42.322157 23.175317 973.066682 
-31.964394 51.483817 964.419752 
19.456907 44.610309 959.342508 
-81.663902 29.589543 990.207681 
-106.100001 69.348700 1001.777910 
3.288922 16.363728 959.146335 
-69.479530 -30.370337 915.832356 
-166.968214 -21.293894 974.756688 
-50.712909 -52.114810 987.553700 
-124.639680 2.520724 979.350624 
-29.073859 3.878086 983.460340 
25.850293 -72.904198 1044.152182 
75.842249 -165.919220 880.016209 
37.540684 -161.322285 850.177643 
-17.766440 -125.320990 859.892608 
-60.225407 -92.072432 873.542274 
-86.084067 -89.238812 872.412635 
-113.710290 -39.903544 870.166922 
-148.506291 4.299903 878.597316 
-29.705192 -91.492162 883.389565 
-92.019392 -97.500674 857.186744 
-107.302225 -95.373307 863.328054 
41.588264 -61.569891 884.428701 
-4.184356 -87.937732 795.717993 
30.184744 -25.087990 772.554024 
-33.631520 -78.959778 810.223416 
-113.997132 -82.608189 827.712169 
-134.056954 -100.875257 830.719354 
-169.186737 -109.788747 870.888367 
-128.576497 -83.369873 884.226856 
-51.055319 -66.740061 876.741728 
-29.978636 -44.067517 852.222271 
-29.551552 -108.062194 900.431811 
-209.334827 -103.428345 848.662640 
-99.623663 -124.963356 865.504792 
-146.134475 -132.220877 885.231928 
-176.390355 -62.333091 889.944283 
-195.700249 -74.868566 888.505034 
-49.260730 -50.889736 903.330382 
-25.655008 -49.404358 808.759604 
-33.484446 -73.257527 795.362390 
-59.207806 -66.107945 816.187640 
46.862621 -82.643486 846.277914 
-129.103191 -30.062877 906.123636 
-57.837819 4.393063 821.789540 
121.707345 -103.409964 894.819623 
43.438700 -53.110751 849.470648 
-4.619751 -39.228789 799.923734 
-5.363584 -40.658859 801.902036 
-25.982774 -48.687171 832.517744 
-40.162164 7.970791 821.130006 
-43.376437 0.550554 822.476379 
-96.230477 -46.755944 857.746590 
-85.708953 15.940766 856.158280 
-29.990544 -119.565080 904.612029 
-56.125964 -113.836227 876.620506 
-46.962969 -128.946658 805.088978 
-67.108624 -129.398000 826.645471 
-71.472713 -127.939352 825.113713 
-54.505515 -83.762989 878.049173 
-12.841802 -51.561993 925.880366 
-1.649945 -139.380136 787.626522 
1.465293 -131.312552 731.916117 
-31.117540 -62.351513 789.892385 
-56.402177 -39.058195 745.434023 
-73.392707 1.992169 737.626199 
-88.199233 -17.594606 757.158283 
-100.282175 -15.163604 785.187011 
0.930202 -91.904983 785.976508 
2.116374 -82.777973 696.969004 
-68.590738 -84.538032 722.700144 
-124.878461 -77.965663 784.713362 
-97.699230 -55.872723 787.860880 
-112.244598 -42.756635 774.190510 
-72.489646 -47.386365 791.714871 
6.021570 -54.710922 727.078458 
4.585701 -81.952231 749.358304 
-54.283020 -153.044956 759.146634 
103.011945 -87.339515 784.222385 
28.852084 -157.662539 737.942904 
-52.454920 -118.838349 793.905410 
-60.187327 -135.068666 776.876664 
-1.525242 -97.201217 803.180734 
-12.432516 -101.762184 773.494075 
-46.107930 -103.468174 796.113912 
-47.411105 -119.724783 799.949561 
-77.390320 -61.850850 805.250577 
-63.830250 -48.628314 804.321518 
-79.836997 -47.242515 798.921790 
-76.708313 -14.396395 785.556609 
20.574553 -113.475909 690.913873 
21.587394 -130.229443 663.599302 
4.010859 -87.471581 668.059606 
4.364470 -61.321176 692.175597 
-6.267654 -8.240778 688.627484 
31.252515 -71.279959 693.265839 
24.658938 -73.523631 675.202698 
21.407553 -67.951732 645.703287 
5.391881 -90.383638 686.130785 
-87.777938 -145.408585 643.707391 
-85.328079 -135.896883 648.779118 
-98.387336 -142.086689 692.117550 
-37.241965 -97.332155 715.607487 
-22.418299 -141.947296 673.502572 
-60.879521 -75.174453 699.776948 
10.753702 -90.944527 701.307689 
16.739999 -74.316039 655.359431 
1.017809 -128.721790 691.005029 
-20.916552 -102.057113 689.198072 
-80.383161 -19.087672 689.299381 
-48.076213 -110.229945 713.663043 
-69.517581 -102.911207 699.759053 
10.998365 -96.165032 711.473650 
8.582584 -72.741238 701.797418 
53.528995 -19.144305 729.353287 
-4.206871 -7.674698 745.219746 
12.479323 -55.650661 706.222091 
216.552722 115.775897 1012.984027 
87.462429 -49.375117 1068.225137 
121.367598 -48.860317 1022.700096 
37.828487 -15.859288 1027.445741 
6.694927 -13.949395 1025.442731 
6.259785 -14.303720 1036.288001 
-4.212908 25.884039 1056.379018 
25.773904 54.473623 1058.085120 
-48.053480 81.662429 1025.685111 
-9.024668 -59.181286 1051.397666 
-29.753327 -68.689410 1042.887772 
-3.478090 -75.747487 992.119982 
68.306630 28.030269 1028.307587 
39.239141 -50.278745 927.155204 
-115.393376 -54.946198 1001.324316 
181.884128 88.986789 1049.614960 
131.341010 55.361227 1070.044653 
-91.280273 -67.611298 1032.231322 
-43.975552 -36.637458 952.308697 
-33.530845 -56.432503 967.644224 
-90.827952 -7.799664 965.972753 
-138.267305 -9.726101 939.589106 
-91.921786 -259.673946 947.659121 
-170.749543 -225.291398 960.986220 
19.633507 -107.966958 917.863416 
11.951449 -92.037225 871.342614 
-29.451164 -28.112888 858.782582 
-29.109934 -55.864739 821.534627 
-29.470370 -62.291626 822.627821 
-30.263839 -80.664437 825.751218 
-51.803273 -108.583655 862.389548 
49.109298 -121.163414 839.145486 
17.049591 -94.865387 814.908657 
-46.489519 -85.003145 808.283570 
-57.493993 -78.126977 757.743131 
-8.289506 -100.941365 773.673312 
-56.162314 -93.753903 797.758327 
-120.061197 -75.504128 812.681138 
-151.477685 -91.740148 801.269037 
13.053546 -105.393336 792.820107 
45.991584 -55.893744 917.126617 
39.043051 -91.086729 817.490679 
11.689952 -93.705357 802.799566 
-31.162340 -110.622610 669.566595 
-84.761966 -36.027519 678.444956 
-81.867999 -123.511356 679.823666 
4.463254 -40.658193 670.232351 
27.090089 -67.682061 677.222376 
-83.421113 -114.720848 705.316566 
-79.493007 -146.197311 692.654540 
-19.240147 -93.354218 702.207892 
-10.500392 -49.860611 693.170321 
38.610283 -82.601948 674.431823 
-43.286852 -136.196374 704.055907 
-12.687205 -70.784016 697.390283 
49.643781 64.561411 1023.666450 
104.712520 -25.430684 1044.603840 
99.150556 -20.044099 1000.328296 
78.856389 -0.046566 970.502476 
65.347025 -30.647787 1001.707069 
63.465925 -29.745681 1004.867643 
86.126351 31.629128 994.752793 
90.619962 2.847129 994.655154 
91.979692 -1.582728 990.661497 
29.118992 -56.969432 996.556960 
47.159307 -21.696296 1021.083032 
46.155781 -48.640631 1003.367288 
28.744271 -73.226094 1004.082875 
20.251436 -66.637446 1023.358580 
51.799311 77.787085 1009.885974 
51.321282 43.502323 1034.593601 
54.484841 3.401590 1044.862360 
92.849962 -1.338380 995.445400 
88.375106 -3.812200 994.691125 
21.567843 15.107306 1039.904456 
144.373142 -44.869701 1044.640972 
161.143522 -24.617463 992.262955 
124.912441 -61.528504 1022.353557 
147.130870 -48.454603 1017.891511 
135.843144 -41.345152 1018.265712 
128.962023 -42.742138 1016.654968 
-24.375808 -108.032846 1056.394468 
16.853260 -109.218030 1014.581301 
167.731507 -119.997963 993.861428 
67.817482 -85.643733 985.435393 
-1.612932 -143.970964 1055.081733 
-24.315568 -185.544962 988.491377 
18.837805 -173.595620 1015.595341 
-57.562980 -170.631456 1015.739134 
-54.636098 -195.143419 996.633154 
53.779769 -63.090136 915.543515 
-65.944036 -88.856350 1041.124429 
33.207215 -25.959448 998.990366 
-1.968087 27.444167 906.975142 
56.058734 -53.397835 972.425229 
84.361251 -70.595568 1016.718797 
-6.208425 -83.380135 1063.249800 
38.975375 -48.253328 1041.243508 
37.799391 -49.849358 1016.345674 
61.925869 -40.596003 1024.035599 
105.583368 -47.030085 1038.748677 
64.742900 -51.781499 1037.832515 
66.003721 -48.143819 1052.025710 
85.683953 -9.622035 999.003528 
172.154561 32.157277 981.871338 
41.569479 -44.913444 1017.257783 
53.723393 1.759770 1014.425916 
-35.119197 25.685747 1005.573721 
-24.921733 59.328544 1025.004758 
-61.207006 59.702035 1010.076159 
-63.362098 65.761973 1002.730143 
-49.085447 32.812015 1008.480691 
-34.136122 49.082285 1025.211969 
-21.595980 -58.760292 1042.768366 
-59.928114 -53.907136 1024.827996 
-116.469004 -76.424248 997.688840 
-91.082103 -12.410767 1007.130179 
-140.236981 -40.357886 1018.796585 
-116.313276 -53.954430 1023.011559 
99.120003 -82.356648 1039.428244 
98.989892 -88.383917 1016.098421 
106.840276 -57.392406 1006.174578 
86.532578 -63.476428 1003.839698 
-14.921807 -71.997649 1015.499928 
-103.291808 -35.458166 1055.291656 
-292.816682 23.693060 993.328834 
-267.641918 4.098259 983.421397 
-263.655127 -16.213612 998.244545 
84.319362 43.164415 1007.973730 
48.420015 19.770909 1036.024279 
93.460091 -50.088501 972.667663 
56.849819 -80.927760 997.229094 
-0.758559 -28.682809 938.579033 
-26.883374 -8.609895 949.358717 
-121.730248 46.541503 969.280721 
54.933746 61.440121 924.502416 
19.430578 5.864070 968.932969 
22.954575 -93.988141 982.882794 
56.431003 -98.101002 896.848695 
12.048166 -130.184540 898.923325 
-9.441122 -140.047061 903.780687 
15.430342 -118.217517 845.515283 
5.718547 -158.369228 895.896953 
-17.686911 -162.127790 910.886321 
-103.585465 -209.560125 926.769279 
-45.255888 -100.964114 962.643955 
6.747211 21.551891 996.875100 
50.696190 -100.759350 962.007247 
16.517922 -71.375434 701.622336 
14.827036 -74.392845 683.041505 
-44.678173 -131.694204 1000.620321 
-28.858828 -89.291940 1012.108928 
-32.663537 -162.227818 905.426977 
-63.479504 -192.927890 892.578017 
-55.298719 -191.373703 885.674059 
25.462569 -21.675323 906.970443 
11.583413 -56.186329 944.136977 
11.108826 -90.318099 926.162271 
44.575421 87.835649 965.719689 
58.085761 12.718158 974.075295 
72.126215 -48.669764 878.609297 
42.517941 -80.953340 855.643517 
45.406031 -70.462048 854.203149 
16.379292 -14.330379 888.972982 
-34.973822 -70.641311 862.725350 
-47.022282 30.554118 827.833977 
-40.881629 39.689352 824.637931 
-62.380329 28.561427 846.957808 
-32.974603 37.005101 856.473830 
-66.913655 -31.145959 883.214393 
16.775812 -60.062455 874.810160 
-90.408340 62.656162 886.487174 
-12.082801 -6.583243 860.749053 
-24.045512 2.381088 813.033690 
-77.739419 -113.507465 807.492708 
-65.829386 -63.761362 786.878589 
-72.110799 -72.096708 890.949525 
-116.636470 -84.841746 904.131647 
-9.973293 -63.463436 903.494375 
15.507372 -56.904323 882.375018 
26.600172 47.950864 846.529520 
43.516630 81.891933 879.553021 
15.505191 -68.788915 896.241214 
12.683104 -74.642191 861.451333 
47.008891 -11.412520 829.534767 
-92.847742 -76.869330 892.945284 
-31.767006 -74.261966 807.282692 
-50.283284 -87.794588 805.322750 
-59.255789 -85.884215 812.743543 
8.446641 -30.401735 805.885069 
-113.726269 -76.582786 834.098014 
-90.543567 -41.786055 832.265265 
-77.435009 -36.884703 811.554670 
-110.806515 -14.475839 879.505903 
-220.712525 -24.836843 881.305427 
-146.205450 1.106634 820.724157 
-158.927717 -21.916525 813.290896 
7.330702 -12.645352 770.232395 
-44.522359 -81.164970 762.687733 
-73.421964 -54.952613 733.741588 
-97.348873 -43.464129 782.073321 
-72.899222 -85.963588 779.696543 
-122.096847 -73.833794 783.170473 
-121.195267 -71.079553 784.234641 
-136.739893 -72.161558 773.979079 
-136.829779 -50.201652 757.163837 
-119.782258 -32.863909 781.248536 
-69.619757 -77.873907 793.686565 
-63.298967 -85.302836 742.771029 
-43.751889 -91.885249 763.693550 
-31.843413 -46.745412 776.786828 
9.853200 -30.420505 781.086437 
13.982655 -57.837475 768.818589 
-52.136157 -106.237742 789.762148 
6.604176 -160.303959 803.202406 
-4.570955 -81.321029 761.616745 
-164.323263 -19.693358 797.722897 
-28.673937 -66.978725 811.310171 
5.251738 -72.949894 805.552901 
-54.626291 -4.914040 816.163716 
-72.467016 -37.079115 765.928378 
-86.943877 -43.525045 819.602684 
45.369599 -11.596705 797.280418 
-99.594219 38.650936 807.687282 
-139.196236 -6.722255 804.027795 
35.413933 -77.200008 646.466664 
3.561454 -87.292427 690.014640 
-14.271937 -104.834414 652.383750 
31.514100 -72.544893 677.230514 
-26.794224 -46.448325 693.969898 
39.178757 -94.032757 681.236453 
66.003879 -79.874707 687.699383 
-6.998554 -51.379455 694.440594 
13.427394 -115.687299 656.565976 
-37.192555 -90.304064 695.269691 
8.747672 -149.879512 674.979252 
19.317031 -148.305674 648.317162 
15.485983 -147.748114 660.181926 
8.631876 -149.457862 692.722669 
0.397159 -140.761068 664.473320 
9.559964 -136.861959 662.101349 
-19.148718 -138.432080 688.247650 
-43.372834 -133.736086 650.072116 
-12.021512 -131.466220 664.918830 
-58.856615 -159.844914 695.323257 
-37.611723 -159.651544 683.603346 
-63.383948 -109.060245 696.150394 
-51.109604 -91.416886 702.822090 
-40.115390 -61.195719 704.699989 
-45.740943 -115.251084 672.775243 
-115.303632 -105.018036 677.153988 
-40.976187 -128.644966 658.149317 
-108.765481 -48.384447 683.540245 
-70.232203 -29.365075 676.628747 
-13.311055 -5.276168 663.878471 
34.214868 -10.684323 671.745597 
-7.887182 -50.693325 692.897854 
55.053263 -68.489705 812.576669 
42.994803 -55.598569 715.336967 
-16.925898 -43.443499 693.829835 
-42.478503 -44.724081 706.840037 
-104.291641 -62.442424 692.549137 
-67.273145 -70.589169 704.237254 
-129.734929 -122.139356 670.594912 
-39.894596 -75.155177 683.676308 
